21
458.65 131.538 529.7 34.5721
458.65 131.538 328.234 47.4645
458.65 131.538 365.339 756.41
458.65 131.538 653.919 526.929
458.65 131.538 678.865 218.959
678.865 218.959 529.7 34.5721
678.865 218.959 653.919 526.929
678.865 218.959 930.436 686.773
519.416 934.693 365.339 756.41
519.416 934.693 930.436 686.773
519.416 934.693 762.198 701.191
529.7 34.5721 66.8422 7.69819
529.7 34.5721 328.234 47.4645
66.8422 7.69819 365.339 756.41
66.8422 7.69819 328.234 47.4645
930.436 686.773 653.919 526.929
930.436 686.773 762.198 701.191
653.919 526.929 365.339 756.41
653.919 526.929 762.198 701.191
762.198 701.191 365.339 756.41
328.234 47.4645 365.339 756.41
