279
155.873 458.046 73.8503 373.359
155.873 458.046 118.397 505.059
155.873 458.046 201.617 542.825
155.873 458.046 203.158 434.503
155.873 458.046 199 349.783
794.881 665.973 837.082 719.795
794.881 665.973 848.695 648.075
794.881 665.973 864.172 595.927
794.881 665.973 671.648 623.243
794.881 665.973 643.027 659.888
794.881 665.973 632.939 722.293
320.611 288.654 227.488 141.179
320.611 288.654 244.3 272.443
320.611 288.654 199 349.783
320.611 288.654 276.668 442.37
320.611 288.654 349.157 435.375
320.611 288.654 357.526 293.043
320.611 288.654 386.913 138.002
231.895 719.155 282.22 791.982
231.895 719.155 386.707 668.904
231.895 719.155 382.413 654.629
231.895 719.155 356.334 616.563
231.895 719.155 246.974 596.723
231.895 719.155 120.691 560.325
231.895 719.155 164.6 750.171
231.895 719.155 213.916 792.78
73.8503 373.359 18.916 658.594
73.8503 373.359 53.7268 599.194
73.8503 373.359 118.397 505.059
73.8503 373.359 199 349.783
73.8503 373.359 125.922 314.608
73.8503 373.359 73.1837 169.961
422.552 566.183 323.429 534.876
422.552 566.183 356.334 616.563
422.552 566.183 382.413 654.629
422.552 566.183 463.059 589.419
422.552 566.183 517.596 467.209
422.552 566.183 401.555 468.209
357.526 293.043 349.157 435.375
357.526 293.043 408.626 274.869
357.526 293.043 386.913 138.002
463.059 589.419 454.547 676.065
463.059 589.419 569.34 690.932
463.059 589.419 644.39 624.005
463.059 589.419 517.596 467.209
463.059 589.419 382.413 654.629
50.4816 944.452 60.2624 944.193
50.4816 944.452 115.607 871.284
50.4816 944.452 31.8384 812.305
864.172 595.927 848.695 648.075
864.172 595.927 886.51 671.352
864.172 595.927 961.436 476.952
864.172 595.927 831.551 393.451
864.172 595.927 693.926 448.72
864.172 595.927 671.648 623.243
833.378 104.579 855.082 32.2694
833.378 104.579 765.532 56.1348
833.378 104.579 836.375 117.238
833.378 104.579 942.07 129.609
18.916 658.594 59.9598 661.425
18.916 658.594 53.7268 599.194
18.916 658.594 31.8384 812.305
523.072 194.679 535.956 332.928
523.072 194.679 589.708 238.217
523.072 194.679 542.6 137.716
523.072 194.679 501.854 129.043
523.072 194.679 447.814 227.762
837.082 719.795 848.695 648.075
837.082 719.795 632.939 722.293
837.082 719.795 817.317 844.201
837.082 719.795 886.51 671.352
643.027 659.888 671.648 623.243
643.027 659.888 644.39 624.005
643.027 659.888 569.34 690.932
643.027 659.888 632.939 722.293
323.429 534.876 401.555 468.209
323.429 534.876 318.549 492.207
323.429 534.876 201.617 542.825
323.429 534.876 246.974 596.723
323.429 534.876 356.334 616.563
276.668 442.37 318.549 492.207
276.668 442.37 349.157 435.375
276.668 442.37 199 349.783
276.668 442.37 203.158 434.503
276.668 442.37 201.617 542.825
836.375 117.238 765.532 56.1348
836.375 117.238 791.14 197.901
836.375 117.238 835.997 196.178
836.375 117.238 942.07 129.609
535.956 332.928 571.891 352.06
535.956 332.928 589.708 238.217
535.956 332.928 447.814 227.762
535.956 332.928 408.626 274.869
535.956 332.928 401.555 468.209
535.956 332.928 517.596 467.209
243.229 929.89 266.287 929.321
243.229 929.89 282.22 791.982
243.229 929.89 213.916 792.78
243.229 929.89 136.994 899.267
243.229 929.89 60.2624 944.193
246.974 596.723 201.617 542.825
246.974 596.723 120.691 560.325
246.974 596.723 356.334 616.563
835.997 196.178 791.14 197.901
835.997 196.178 782.475 217.41
835.997 196.178 913.002 299.211
835.997 196.178 942.07 129.609
671.648 623.243 693.926 448.72
671.648 623.243 644.39 624.005
115.607 871.284 60.2624 944.193
115.607 871.284 136.994 899.267
115.607 871.284 120.177 854.236
115.607 871.284 31.8384 812.305
454.547 676.065 382.413 654.629
454.547 676.065 386.707 668.904
454.547 676.065 409.278 689.134
454.547 676.065 458.914 750.525
454.547 676.065 569.34 690.932
855.082 32.2694 346.431 0.275349
855.082 32.2694 765.532 56.1348
855.082 32.2694 942.07 129.609
59.9598 661.425 120.691 560.325
59.9598 661.425 53.7268 599.194
59.9598 661.425 31.8384 812.305
59.9598 661.425 164.6 750.171
176.42 279.493 244.3 272.443
176.42 279.493 169.11 157.154
176.42 279.493 73.1837 169.961
176.42 279.493 125.922 314.608
176.42 279.493 199 349.783
594.159 897.245 513.499 933.005
594.159 897.245 573.4 960.055
594.159 897.245 671.08 974.467
594.159 897.245 609.468 859.511
569.34 690.932 458.914 750.525
569.34 690.932 580.969 719.204
569.34 690.932 632.939 722.293
569.34 690.932 644.39 624.005
203.158 434.503 199 349.783
203.158 434.503 201.617 542.825
244.3 272.443 227.488 141.179
244.3 272.443 169.11 157.154
244.3 272.443 199 349.783
961.436 476.952 942.07 129.609
961.436 476.952 928.528 380.628
961.436 476.952 831.551 393.451
961.436 476.952 886.51 671.352
961.436 476.952 999.092 961.921
782.475 217.41 791.14 197.901
782.475 217.41 683.946 234.676
782.475 217.41 699.639 341.848
782.475 217.41 831.551 393.451
782.475 217.41 913.002 299.211
573.4 960.055 671.08 974.467
573.4 960.055 513.499 933.005
501.854 129.043 542.6 137.716
501.854 129.043 765.532 56.1348
501.854 129.043 346.431 0.275349
501.854 129.043 360.967 105.562
501.854 129.043 386.913 138.002
501.854 129.043 447.814 227.762
118.397 505.059 53.7268 599.194
118.397 505.059 120.691 560.325
118.397 505.059 201.617 542.825
386.707 668.904 382.413 654.629
386.707 668.904 282.22 791.982
386.707 668.904 409.278 689.134
123.444 831.097 31.8384 812.305
123.444 831.097 120.177 854.236
123.444 831.097 213.916 792.78
123.444 831.097 164.6 750.171
848.695 648.075 886.51 671.352
360.967 105.562 207.749 26.0003
360.967 105.562 227.488 141.179
360.967 105.562 386.913 138.002
360.967 105.562 346.431 0.275349
580.969 719.204 612.058 776.418
580.969 719.204 632.939 722.293
580.969 719.204 458.914 750.525
169.11 157.154 227.488 141.179
169.11 157.154 192.647 31.2551
169.11 157.154 126.031 133.293
169.11 157.154 73.1837 169.961
886.51 671.352 817.317 844.201
886.51 671.352 999.092 961.921
699.639 341.848 693.926 448.72
699.639 341.848 831.551 393.451
699.639 341.848 683.946 234.676
699.639 341.848 589.708 238.217
699.639 341.848 571.891 352.06
282.22 791.982 266.287 929.321
282.22 791.982 362.593 886.6
282.22 791.982 433.928 773.202
282.22 791.982 409.278 689.134
282.22 791.982 213.916 792.78
73.1837 169.961 125.922 314.608
73.1837 169.961 126.031 133.293
73.1837 169.961 114.529 18.2512
164.6 750.171 120.691 560.325
164.6 750.171 31.8384 812.305
164.6 750.171 213.916 792.78
433.928 773.202 362.593 886.6
433.928 773.202 513.499 933.005
433.928 773.202 458.914 750.525
433.928 773.202 409.278 689.134
266.287 929.321 513.499 933.005
266.287 929.321 362.593 886.6
213.916 792.78 120.177 854.236
213.916 792.78 136.994 899.267
928.528 380.628 942.07 129.609
928.528 380.628 913.002 299.211
928.528 380.628 914.368 331.292
928.528 380.628 831.551 393.451
356.334 616.563 382.413 654.629
791.14 197.901 683.946 234.676
791.14 197.901 765.532 56.1348
114.529 18.2512 346.431 0.275349
114.529 18.2512 126.031 133.293
114.529 18.2512 192.647 31.2551
114.529 18.2512 207.749 26.0003
914.368 331.292 831.551 393.451
914.368 331.292 913.002 299.211
831.551 393.451 913.002 299.211
831.551 393.451 693.926 448.72
942.07 129.609 913.002 299.211
571.891 352.06 517.596 467.209
571.891 352.06 693.926 448.72
571.891 352.06 589.708 238.217
817.317 844.201 632.939 722.293
817.317 844.201 612.058 776.418
817.317 844.201 744.58 919.119
817.317 844.201 797.872 970.299
817.317 844.201 999.092 961.921
349.157 435.375 318.549 492.207
349.157 435.375 401.555 468.209
349.157 435.375 408.626 274.869
744.58 919.119 612.058 776.418
744.58 919.119 609.468 859.511
744.58 919.119 671.08 974.467
744.58 919.119 797.872 970.299
612.058 776.418 632.939 722.293
612.058 776.418 458.914 750.525
612.058 776.418 609.468 859.511
125.922 314.608 199 349.783
126.031 133.293 192.647 31.2551
458.914 750.525 513.499 933.005
458.914 750.525 609.468 859.511
458.914 750.525 409.278 689.134
683.946 234.676 589.708 238.217
683.946 234.676 765.532 56.1348
683.946 234.676 542.6 137.716
120.177 854.236 136.994 899.267
120.177 854.236 31.8384 812.305
60.2624 944.193 136.994 899.267
227.488 141.179 386.913 138.002
227.488 141.179 207.749 26.0003
227.488 141.179 192.647 31.2551
53.7268 599.194 120.691 560.325
671.08 974.467 797.872 970.299
671.08 974.467 609.468 859.511
589.708 238.217 542.6 137.716
447.814 227.762 386.913 138.002
447.814 227.762 408.626 274.869
513.499 933.005 609.468 859.511
513.499 933.005 362.593 886.6
644.39 624.005 693.926 448.72
644.39 624.005 517.596 467.209
207.749 26.0003 346.431 0.275349
207.749 26.0003 192.647 31.2551
120.691 560.325 201.617 542.825
542.6 137.716 765.532 56.1348
797.872 970.299 999.092 961.921
693.926 448.72 517.596 467.209
401.555 468.209 408.626 274.869
401.555 468.209 318.549 492.207
401.555 468.209 517.596 467.209
408.626 274.869 386.913 138.002
346.431 0.275349 765.532 56.1348
318.549 492.207 201.617 542.825
