2957
405.49 529.52 408.809 548.584
405.49 529.52 466.688 525.806
405.49 529.52 419.902 499.259
405.49 529.52 384.424 475.561
405.49 529.52 372.917 479.133
405.49 529.52 367.897 535.801
405.49 529.52 402.029 537.897
482.094 994.737 535.187 993.517
482.094 994.737 529.665 984.356
482.094 994.737 536.177 961.205
482.094 994.737 494.797 924.813
482.094 994.737 475.769 931.606
482.094 994.737 453.966 975.956
482.094 994.737 395.128 987.927
461.179 754.681 483.339 730.638
461.179 754.681 450.551 745.223
461.179 754.681 437.446 777.196
461.179 754.681 484.073 759.432
188.927 560.791 214.536 556.023
188.927 560.791 216.343 548.881
188.927 560.791 185.581 533.002
188.927 560.791 172.351 529.357
188.927 560.791 152.803 533.952
188.927 560.791 132.839 564.642
188.927 560.791 143.418 588.424
188.927 560.791 150.581 599.777
188.927 560.791 190.325 599.718
188.927 560.791 196.592 565.424
188.927 560.791 200.435 565.009
615.342 532.822 564.738 524.719
615.342 532.822 580.605 557.19
615.342 532.822 611.474 572.104
615.342 532.822 662.838 555.338
615.342 532.822 624.958 523.165
615.342 532.822 615.566 515.695
109.489 447.15 74.6251 455.204
109.489 447.15 97.6329 489.983
109.489 447.15 118.16 497.451
109.489 447.15 140.592 440.031
109.489 447.15 146.879 431.013
109.489 447.15 141.207 394.151
109.489 447.15 67.7801 412.747
215.279 338.814 214.888 349.696
215.279 338.814 265.359 368.611
215.279 338.814 257.035 310.075
215.279 338.814 208.202 305.234
215.279 338.814 169.703 305.737
215.279 338.814 183.412 360.672
504.391 900.249 510.783 898.214
504.391 900.249 522.647 876.5
504.391 900.249 487.871 848.517
504.391 900.249 494.315 903.195
504.391 900.249 494.797 924.813
220.527 129.681 265.804 126.008
220.527 129.681 222.591 118.9
220.527 129.681 218.481 115.645
220.527 129.681 193.534 134.767
220.527 129.681 203.324 168.703
220.527 129.681 233.233 168.462
968.298 679.655 996.397 711.228
968.298 679.655 989.288 682.238
968.298 679.655 995.78 659.552
968.298 679.655 983.962 645.87
968.298 679.655 938.468 643.191
968.298 679.655 935.883 667.144
968.298 679.655 952.981 686.474
867.056 739.601 902.722 748.134
867.056 739.601 889.855 726.314
867.056 739.601 863.438 720.596
867.056 739.601 850.994 722.9
867.056 739.601 850.352 783.213
867.056 739.601 854.689 789.552
867.056 739.601 909.988 769.05
509.548 615.946 505.378 670.53
509.548 615.946 524.481 641.989
509.548 615.946 582.537 592.309
509.548 615.946 540.95 570.238
509.548 615.946 473.687 551.7
509.548 615.946 453.681 641.852
509.548 615.946 464.917 656.575
152.133 305.914 169.703 305.737
152.133 305.914 145.349 296.533
152.133 305.914 108.097 314.41
152.133 305.914 105.726 322.575
152.133 305.914 106.104 335.203
152.133 305.914 143.802 358.49
152.133 305.914 149.619 360.537
31.775 718.768 33.5919 696.351
31.775 718.768 10.4968 663.793
31.775 718.768 23.5788 764.101
31.775 718.768 41.3332 739.203
31.775 718.768 65.1951 724.481
275.48 811.474 245.127 839.375
275.48 811.474 289.103 846.254
275.48 811.474 292.287 813.741
275.48 811.474 292.908 775.123
275.48 811.474 227.569 748.572
275.48 811.474 211.125 808.183
577.466 432.366 617.216 489.821
577.466 432.366 640.574 419.924
577.466 432.366 600.513 410.838
577.466 432.366 580.24 420.262
577.466 432.366 540.831 437.524
577.466 432.366 534.661 477.479
136.814 977.648 226.771 985.712
136.814 977.648 164.005 955.278
136.814 977.648 125.084 946.374
136.814 977.648 31.3606 947.352
975.494 17.075 951.006 3.67868
975.494 17.075 962.903 23.0392
975.494 17.075 992.779 60.9161
987.789 436.596 981.754 453.651
987.789 436.596 986.479 505.954
987.789 436.596 989.547 379.303
987.789 436.596 973.198 429.938
524.481 641.989 505.378 670.53
524.481 641.989 530.315 650.74
524.481 641.989 582.537 592.309
339.82 569.593 367.897 535.801
339.82 569.593 322.79 562.362
339.82 569.593 336.036 572.504
339.82 569.593 366.994 582.902
693.213 866.854 697.954 870.115
693.213 866.854 700.796 843.876
693.213 866.854 671.066 835.579
693.213 866.854 667.148 882.543
665.559 68.516 671.252 41.2995
665.559 68.516 614.211 13.9401
665.559 68.516 619.996 85.339
665.559 68.516 663.4 74.3363
665.559 68.516 683.57 77.9347
665.559 68.516 682.373 38.0821
17.7154 919.471 31.3606 947.352
17.7154 919.471 26.5795 926.208
17.7154 919.471 26.5841 923.755
17.7154 919.471 34.4178 908.319
17.7154 919.471 0.545366 898.284
564.738 524.719 537.937 501.691
564.738 524.719 555.177 524.528
564.738 524.719 580.605 557.19
564.738 524.719 615.566 515.695
564.738 524.719 617.216 489.821
564.738 524.719 537.548 499.624
661.251 256.379 661.455 246.358
661.251 256.379 636.755 226.084
661.251 256.379 611.311 243.038
661.251 256.379 612.409 293.826
661.251 256.379 652.975 299.107
661.251 256.379 676.439 284.15
661.251 256.379 678.23 252.641
32.2478 876.456 34.4178 908.319
32.2478 876.456 58.1362 865.578
32.2478 876.456 56.3136 854.5
32.2478 876.456 24.8599 870.014
32.2478 876.456 0.545366 898.284
265.359 368.611 257.035 310.075
265.359 368.611 214.888 349.696
265.359 368.611 227.863 385.061
265.359 368.611 234.757 397.25
265.359 368.611 240.799 411.398
265.359 368.611 277.379 416.741
265.359 368.611 288.874 387.496
265.359 368.611 282.901 366.429
265.359 368.611 288.903 338.962
74.6251 455.204 67.7801 412.747
74.6251 455.204 62.0786 443.437
74.6251 455.204 60.1001 455.723
74.6251 455.204 71.5369 468.086
74.6251 455.204 97.6329 489.983
195.987 9.68555 16.1511 13.5393
195.987 9.68555 111.137 25.2836
195.987 9.68555 116.541 25.8873
195.987 9.68555 143.677 26.5218
195.987 9.68555 167.346 28.2703
195.987 9.68555 197.241 52.1132
195.987 9.68555 234.02 28.9439
195.987 9.68555 234.802 27.837
195.987 9.68555 283.661 11.8904
195.987 9.68555 369.807 7.99189
195.987 9.68555 407.577 6.90297
200.868 727.399 227.569 748.572
200.868 727.399 233.235 687.751
200.868 727.399 183.22 709.521
200.868 727.399 173.012 715.41
200.868 727.399 148.026 743.169
200.868 727.399 181.66 781.625
427.845 658.333 412.722 641.099
427.845 658.333 418.936 667.4
427.845 658.333 429.696 661.906
427.845 658.333 452.725 652.118
427.845 658.333 453.681 641.852
445.238 359.895 496.198 386.952
445.238 359.895 499.753 373.82
445.238 359.895 507.949 339.923
445.238 359.895 455.257 318.345
445.238 359.895 437.069 309.883
445.238 359.895 434.171 362.2
445.238 359.895 445.401 411.263
832.103 245.385 826.814 259.934
832.103 245.385 847.626 257.118
832.103 245.385 842.215 241.257
832.103 245.385 828.92 174.034
832.103 245.385 801.827 168.825
832.103 245.385 812.063 253.72
429.696 661.906 452.725 652.118
429.696 661.906 418.936 667.4
429.696 661.906 450.551 745.223
429.696 661.906 483.339 730.638
429.696 661.906 464.917 656.575
36.6288 185.226 80.1645 201.734
36.6288 185.226 48.2871 167.178
36.6288 185.226 24.238 162.104
36.6288 185.226 3.45109 278.162
36.6288 185.226 28.4799 265.133
36.6288 185.226 72.3445 236.329
932.252 114.04 936.789 110.598
932.252 114.04 912.222 104.313
932.252 114.04 915.323 133.542
932.252 114.04 932.487 123.448
668.482 522.934 686.25 525.271
668.482 522.934 672.588 490.686
668.482 522.934 648.955 484.969
668.482 522.934 627.068 496.213
668.482 522.934 624.958 523.165
668.482 522.934 662.838 555.338
992.302 182.806 990.532 142.162
992.302 182.806 985.148 149.823
992.302 182.806 969.659 186.952
992.302 182.806 993.846 195.486
753.276 44.7072 749.011 78.6735
753.276 44.7072 779.747 69.0232
753.276 44.7072 784.551 38.0178
753.276 44.7072 769.713 28.0852
753.276 44.7072 752.67 9.76976
753.276 44.7072 743.241 43.445
874.742 617.607 873.318 655.869
874.742 617.607 907.102 661.484
874.742 617.607 938.468 643.191
874.742 617.607 942.165 621.27
874.742 617.607 870.594 598.03
874.742 617.607 820.672 624.841
161.644 810.282 120.27 796.729
161.644 810.282 107.743 815.605
161.644 810.282 137.678 863.479
161.644 810.282 204.259 885.058
161.644 810.282 211.125 808.183
161.644 810.282 181.66 781.625
394.953 165.998 375.724 164.862
394.953 165.998 373.957 168.449
394.953 165.998 397.263 176.936
394.953 165.998 435.083 141.359
394.953 165.998 397.698 127.951
394.953 165.998 380.729 153.509
507.949 339.923 538.806 340.679
507.949 339.923 510.558 285.467
507.949 339.923 455.257 318.345
507.949 339.923 499.753 373.82
688.943 940.735 740.517 965.235
688.943 940.735 693.26 913.151
688.943 940.735 633.97 914.652
688.943 940.735 685.239 950.679
688.943 940.735 706.755 970.018
240.066 568.448 242.299 561.824
240.066 568.448 214.536 556.023
240.066 568.448 200.435 565.009
240.066 568.448 240.496 604.261
240.066 568.448 248.833 568.09
798.581 655.902 818.256 676.19
798.581 655.902 817.413 641.721
798.581 655.902 820.672 624.841
798.581 655.902 770.99 604.214
798.581 655.902 759.335 656.41
798.581 655.902 760.122 675.721
798.581 655.902 778.658 696.321
798.581 655.902 808.165 677.354
316.832 967.311 325.227 990.321
316.832 967.311 342.227 987.266
316.832 967.311 370.568 947.302
316.832 967.311 363.098 924.684
316.832 967.311 334.98 899.277
316.832 967.311 299.676 957.989
316.832 967.311 302.081 971.673
473.687 551.7 466.688 525.806
473.687 551.7 408.809 548.584
473.687 551.7 453.681 641.852
473.687 551.7 540.95 570.238
473.687 551.7 477.515 546.141
774.147 291.058 821.615 266.893
774.147 291.058 812.063 253.72
774.147 291.058 774.275 241.957
774.147 291.058 726.605 270.776
774.147 291.058 731.928 310.951
774.147 291.058 779.517 298.832
686.25 525.271 662.838 555.338
686.25 525.271 709.292 531.362
686.25 525.271 720.924 521.519
686.25 525.271 672.588 490.686
852.218 308.51 838.788 335.671
852.218 308.51 866.602 339.859
852.218 308.51 908.176 303.667
852.218 308.51 886.695 282.939
852.218 308.51 847.626 257.118
852.218 308.51 830.762 288.305
852.218 308.51 820.219 323.596
573.29 160.96 554.185 129.614
573.29 160.96 546.696 182.145
573.29 160.96 579.391 197.687
573.29 160.96 577.029 158.849
145.349 296.533 110.974 282.355
145.349 296.533 108.097 314.41
145.349 296.533 169.703 305.737
145.349 296.533 176.676 274.787
145.349 296.533 130.256 237.981
105.726 322.575 106.104 335.203
105.726 322.575 108.097 314.41
105.726 322.575 75.1914 277.687
535.696 529.292 531.881 537.86
535.696 529.292 555.177 524.528
535.696 529.292 537.937 501.691
535.696 529.292 523.968 499.866
655.486 316.047 700.434 352.685
655.486 316.047 704.293 314.089
655.486 316.047 680.263 295.268
655.486 316.047 652.975 299.107
655.486 316.047 643.423 309.38
655.486 316.047 623.438 334.307
655.486 316.047 654.765 363.386
452.725 652.118 453.681 641.852
452.725 652.118 464.917 656.575
408.809 548.584 466.688 525.806
408.809 548.584 402.029 537.897
408.809 548.584 367.897 535.801
408.809 548.584 366.994 582.902
408.809 548.584 386.814 617.194
408.809 548.584 412.722 641.099
408.809 548.584 453.681 641.852
732.752 746.018 708.256 737.736
732.752 746.018 722.562 763.899
732.752 746.018 747.509 772.65
732.752 746.018 775.79 743.348
732.752 746.018 774.43 731.606
732.752 746.018 741.192 721.13
732.752 746.018 731.235 728.701
242.255 687.561 227.569 748.572
242.255 687.561 268.851 701.178
242.255 687.561 303.584 680.984
242.255 687.561 275.393 605.475
242.255 687.561 221.237 652.519
242.255 687.561 226.064 670.935
242.255 687.561 233.235 687.751
419.902 499.259 458.459 498.751
419.902 499.259 458.301 491.247
419.902 499.259 433.528 471.124
419.902 499.259 421.835 477.691
419.902 499.259 384.424 475.561
419.902 499.259 466.688 525.806
684.499 197.896 713.564 170.48
684.499 197.896 699.984 168.221
684.499 197.896 680.117 177.194
684.499 197.896 654.713 205.102
684.499 197.896 670.018 230.649
684.499 197.896 678.23 252.641
684.499 197.896 726.605 270.776
684.499 197.896 731.296 175.927
521.586 698.94 522.406 744.53
521.586 698.94 544.777 742.814
521.586 698.94 587.453 704.132
521.586 698.94 526.472 689.111
521.586 698.94 505.378 670.53
521.586 698.94 483.339 730.638
522.406 744.53 483.339 730.638
522.406 744.53 484.073 759.432
522.406 744.53 568.326 813.922
522.406 744.53 544.777 742.814
508.708 269.024 510.558 285.467
508.708 269.024 540.357 246.388
508.708 269.024 531.526 232.194
508.708 269.024 481.727 215.225
508.708 269.024 483.765 273.476
259.985 48.7032 237.058 96.8675
259.985 48.7032 265.577 60.662
259.985 48.7032 296.325 35.6564
259.985 48.7032 283.661 11.8904
259.985 48.7032 234.802 27.837
259.985 48.7032 234.02 28.9439
259.985 48.7032 197.241 52.1132
455.257 318.345 510.558 285.467
455.257 318.345 459.099 294.564
455.257 318.345 437.069 309.883
713.564 170.48 731.296 175.927
713.564 170.48 726.887 161.009
713.564 170.48 705.826 148.7
713.564 170.48 699.984 168.221
538.806 340.679 510.558 285.467
538.806 340.679 499.753 373.82
538.806 340.679 530.597 405.874
538.806 340.679 559.541 352.109
538.806 340.679 565.399 337.938
538.806 340.679 568.759 301.762
730.799 108.71 726.887 161.009
730.799 108.71 765.404 154.34
730.799 108.71 770.907 124.784
730.799 108.71 743.173 95.5345
730.799 108.71 717.88 92.4375
730.799 108.71 707.001 128.189
729.566 984.619 692.544 989.845
729.566 984.619 734.884 992.94
729.566 984.619 749.121 988.848
729.566 984.619 728.841 974.078
729.566 984.619 706.755 970.018
378.972 234.742 405.16 200.358
378.972 234.742 378.005 202.322
378.972 234.742 364.151 224.584
378.972 234.742 352.093 241.124
378.972 234.742 374.578 266.283
378.972 234.742 387.559 244.722
378.972 234.742 395.203 245.598
466.939 492.893 472.493 460.863
466.939 492.893 458.301 491.247
466.939 492.893 458.459 498.751
466.939 492.893 466.688 525.806
466.939 492.893 523.968 499.866
466.939 492.893 490.934 467.072
342.227 987.266 325.227 990.321
342.227 987.266 346.918 992.347
342.227 987.266 370.568 947.302
174.241 68.0467 197.241 52.1132
174.241 68.0467 167.346 28.2703
174.241 68.0467 154.864 75.6524
174.241 68.0467 168.747 102.779
174.241 68.0467 190.184 94.3472
782.815 925.362 771.115 893.512
782.815 925.362 762.778 943.906
782.815 925.362 781.195 938.937
782.815 925.362 818.44 939.25
782.815 925.362 812.526 909.737
394.872 40.9581 407.577 6.90297
394.872 40.9581 369.807 7.99189
394.872 40.9581 314.816 58.4103
394.872 40.9581 329.072 88.6084
394.872 40.9581 379.206 103.556
394.872 40.9581 400.247 106.533
394.872 40.9581 424.505 38.5125
394.872 40.9581 415.83 22.1855
125.084 946.374 164.005 955.278
125.084 946.374 163.605 950.982
125.084 946.374 160.446 939.342
125.084 946.374 139.708 928.851
125.084 946.374 122.527 929.948
125.084 946.374 104.206 923.074
125.084 946.374 50.0615 926.03
125.084 946.374 31.3606 947.352
407.577 6.90297 369.807 7.99189
407.577 6.90297 415.83 22.1855
407.577 6.90297 451.513 36.9289
407.577 6.90297 516.632 24.334
407.577 6.90297 614.211 13.9401
407.577 6.90297 636.236 8.9428
407.577 6.90297 694.579 4.439
407.577 6.90297 890.675 1.64321
700.434 352.685 654.765 363.386
700.434 352.685 688.583 375.768
700.434 352.685 711.579 378.151
700.434 352.685 730.985 360.254
700.434 352.685 735.482 352.005
700.434 352.685 724.27 328.297
700.434 352.685 704.293 314.089
379.206 103.556 400.247 106.533
379.206 103.556 329.072 88.6084
379.206 103.556 346.306 120.126
379.206 103.556 353.476 128.373
379.206 103.556 397.698 127.951
554.185 129.614 508.909 152.797
554.185 129.614 546.696 182.145
554.185 129.614 577.029 158.849
554.185 129.614 580.121 126.217
554.185 129.614 559.78 123.829
554.185 129.614 551.787 114.256
554.185 129.614 531.117 120.579
43.2632 670.904 10.4968 663.793
43.2632 670.904 33.5919 696.351
43.2632 670.904 84.1278 692.355
43.2632 670.904 79.6738 667.009
43.2632 670.904 48.722 659.079
43.2632 670.904 39.352 656.72
363.168 465.293 372.917 479.133
363.168 465.293 384.424 475.561
363.168 465.293 391.221 456.144
363.168 465.293 362.423 452.635
363.168 465.293 332.973 436.795
363.168 465.293 321.436 494.555
156.727 415.266 146.879 431.013
156.727 415.266 165.375 444.879
156.727 415.266 200.33 391.694
156.727 415.266 148.13 377.318
156.727 415.266 141.207 394.151
292.287 813.741 289.103 846.254
292.287 813.741 316.719 818.907
292.287 813.741 318.415 795.593
292.287 813.741 306.434 783.01
292.287 813.741 292.908 775.123
758.099 697.664 734.997 667.926
758.099 697.664 725.459 706.294
758.099 697.664 741.192 721.13
758.099 697.664 759.572 703.693
758.099 697.664 764.491 704.851
758.099 697.664 778.658 696.321
758.099 697.664 760.122 675.721
902.722 748.134 909.988 769.05
902.722 748.134 929.759 757.41
902.722 748.134 946.704 685.791
902.722 748.134 889.855 726.314
146.193 665.594 116.081 687.006
146.193 665.594 132.373 709.706
146.193 665.594 134.709 711.005
146.193 665.594 169.46 678.21
146.193 665.594 153.011 654.075
146.193 665.594 144.803 644.14
146.193 665.594 129.186 655.319
764.491 704.851 759.572 703.693
764.491 704.851 741.192 721.13
764.491 704.851 774.43 731.606
764.491 704.851 777.403 716.728
764.491 704.851 778.658 696.321
96.3657 514.023 118.16 497.451
96.3657 514.023 97.6329 489.983
96.3657 514.023 92.3126 509.696
96.3657 514.023 79.6266 509.346
96.3657 514.023 81.18 534.417
96.3657 514.023 82.2 543.131
96.3657 514.023 138.838 524.178
674.074 805.869 634.95 808.054
674.074 805.869 671.066 835.579
674.074 805.869 678.099 829.137
674.074 805.869 696.488 794.784
674.074 805.869 644.529 763.056
674.074 805.869 631.083 779.787
674.074 805.869 629.828 798.473
52.0233 569.582 81.7268 596.739
52.0233 569.582 82.9519 584.203
52.0233 569.582 82.2 543.131
52.0233 569.582 60.3766 530.972
52.0233 569.582 19.1615 567.592
52.0233 569.582 32.7242 580.159
968.575 621.159 983.962 645.87
968.575 621.159 985.22 588.208
968.575 621.159 942.165 621.27
968.575 621.159 938.468 643.191
775.79 743.348 747.509 772.65
775.79 743.348 766.263 786.158
775.79 743.348 814.552 789.998
775.79 743.348 850.994 722.9
775.79 743.348 775.319 731.541
775.79 743.348 774.43 731.606
544.683 976.162 536.177 961.205
544.683 976.162 529.665 984.356
544.683 976.162 535.187 993.517
544.683 976.162 566.283 978.068
544.683 976.162 558.936 938.684
294.84 732.69 227.569 748.572
294.84 732.69 294.7 758.043
294.84 732.69 313.341 742.669
294.84 732.69 306.173 732.702
294.84 732.69 312.907 693.365
294.84 732.69 268.851 701.178
825.987 804.655 797.174 823.096
825.987 804.655 833.282 870.245
825.987 804.655 875.093 829.444
825.987 804.655 854.689 789.552
825.987 804.655 850.352 783.213
825.987 804.655 814.552 789.998
459.099 294.564 483.765 273.476
459.099 294.564 447.517 259.263
459.099 294.564 447.142 288.652
459.099 294.564 437.069 309.883
459.099 294.564 510.558 285.467
329.072 88.6084 314.816 58.4103
329.072 88.6084 298.546 82.6304
329.072 88.6084 322.029 110.326
329.072 88.6084 346.306 120.126
600.931 796.965 590.79 839.832
600.931 796.965 634.95 808.054
600.931 796.965 629.828 798.473
600.931 796.965 631.083 779.787
600.931 796.965 605.815 772.992
600.931 796.965 592.041 796.219
87.6894 31.6537 95.6358 91.2114
87.6894 31.6537 115.696 88.0666
87.6894 31.6537 111.137 25.2836
87.6894 31.6537 82.5953 30.2253
24.9195 28.7587 16.1511 13.5393
24.9195 28.7587 17.9567 63.944
24.9195 28.7587 30.8236 36.9459
24.9195 28.7587 59.4272 23.764
25.2322 842.998 15.2502 845.904
25.2322 842.998 24.8599 870.014
25.2322 842.998 56.3136 854.5
25.2322 842.998 65.8367 838.368
25.2322 842.998 36.4725 796.94
25.2322 842.998 5.01126 829.004
633.97 914.652 667.148 882.543
633.97 914.652 649.597 871.473
633.97 914.652 617.285 874.467
633.97 914.652 587.649 904.372
633.97 914.652 612.415 972.279
633.97 914.652 685.239 950.679
633.97 914.652 693.26 913.151
758.859 416.822 755.591 402.293
758.859 416.822 748.441 412.68
758.859 416.822 750.525 439.184
758.859 416.822 788.16 449.559
758.859 416.822 780.591 397.055
566.283 978.068 535.187 993.517
566.283 978.068 621.841 999.017
566.283 978.068 572.671 973.979
566.283 978.068 558.936 938.684
72.8096 530.581 82.2 543.131
72.8096 530.581 81.18 534.417
72.8096 530.581 79.6266 509.346
72.8096 530.581 60.3766 530.972
370.568 947.302 346.918 992.347
370.568 947.302 395.128 987.927
370.568 947.302 414.255 968.558
370.568 947.302 386.556 926.771
370.568 947.302 363.098 924.684
711.579 378.151 730.985 360.254
711.579 378.151 688.583 375.768
711.579 378.151 711.38 421.748
711.579 378.151 715.079 419.545
711.579 378.151 748.441 412.68
711.579 378.151 755.591 402.293
487.871 848.517 466.122 835.061
487.871 848.517 470.463 857.965
487.871 848.517 494.315 903.195
487.871 848.517 522.647 876.5
487.871 848.517 533.111 847.747
487.871 848.517 484.073 759.432
855.699 45.7832 852.968 67.2491
855.699 45.7832 858.263 46.2331
855.699 45.7832 856.379 45.6094
855.699 45.7832 855.318 5.93535
855.699 45.7832 784.551 38.0178
855.699 45.7832 814.256 80.179
749.121 988.848 734.884 992.94
749.121 988.848 741.911 998.46
749.121 988.848 844.718 966.1
749.121 988.848 760.728 969.913
749.121 988.848 740.517 965.235
749.121 988.848 728.841 974.078
685.239 950.679 612.415 972.279
685.239 950.679 621.841 999.017
685.239 950.679 692.544 989.845
685.239 950.679 706.755 970.018
415.345 275.925 405.375 269.624
415.345 275.925 396.655 276.89
415.345 275.925 395.809 283.609
415.345 275.925 437.069 309.883
415.345 275.925 447.142 288.652
415.345 275.925 447.517 259.263
983.962 645.87 938.468 643.191
983.962 645.87 995.78 659.552
983.962 645.87 985.22 588.208
119.212 705.29 116.081 687.006
119.212 705.29 84.1278 692.355
119.212 705.29 82.7252 708.635
119.212 705.29 124.552 717.001
119.212 705.29 132.373 709.706
535.87 672.529 505.378 670.53
535.87 672.529 526.472 689.111
535.87 672.529 551.067 669.734
535.87 672.529 534.85 655.453
148.026 743.169 173.012 715.41
148.026 743.169 141.851 728.683
148.026 743.169 124.552 717.001
148.026 743.169 74.1912 750.861
148.026 743.169 120.27 796.729
148.026 743.169 181.66 781.625
277.379 416.741 297.966 416.542
277.379 416.741 288.874 387.496
277.379 416.741 240.799 411.398
277.379 416.741 249.237 425.118
277.379 416.741 268.39 464.52
414.352 194.451 397.263 176.936
414.352 194.451 405.16 200.358
414.352 194.451 454.013 202.028
414.352 194.451 435.083 141.359
92.3126 509.696 97.6329 489.983
92.3126 509.696 79.6266 509.346
572.671 973.979 558.936 938.684
572.671 973.979 621.841 999.017
572.671 973.979 612.415 972.279
398.067 919.966 388.413 891.289
398.067 919.966 386.556 926.771
398.067 919.966 422.373 933.984
398.067 919.966 448.355 914.703
705.826 148.7 657.348 163.672
705.826 148.7 680.117 177.194
705.826 148.7 699.984 168.221
705.826 148.7 726.887 161.009
705.826 148.7 707.001 128.189
705.826 148.7 680.679 112.922
842.314 478.792 802.571 472.91
842.314 478.792 820.682 488.197
842.314 478.792 829.986 517.973
842.314 478.792 859.681 514.296
842.314 478.792 864.3 486.779
842.314 478.792 866.088 481.949
842.314 478.792 878.212 449.715
842.314 478.792 864.349 432
321.436 494.555 367.897 535.801
321.436 494.555 372.917 479.133
321.436 494.555 332.973 436.795
321.436 494.555 282.967 479.398
321.436 494.555 289.094 508.987
321.436 494.555 288.05 515.12
321.436 494.555 322.79 562.362
244.847 431.621 268.39 464.52
244.847 431.621 249.237 425.118
244.847 431.621 235.289 416.761
244.847 431.621 208.115 455.917
298.546 82.6304 276.27 84.3059
298.546 82.6304 291.183 111.88
298.546 82.6304 322.029 110.326
298.546 82.6304 314.816 58.4103
298.546 82.6304 309.239 46.8803
298.546 82.6304 265.577 60.662
313.341 742.669 306.173 732.702
313.341 742.669 294.7 758.043
313.341 742.669 301.248 774.82
313.341 742.669 313.009 784.493
313.341 742.669 349.274 751.592
313.341 742.669 352.86 727.722
272.998 236.348 324.798 197.818
272.998 236.348 310.951 191.314
272.998 236.348 287.375 194.893
272.998 236.348 227.4 223.82
272.998 236.348 242.584 247.323
272.998 236.348 283.687 267.16
272.998 236.348 349.926 230.046
19.3031 119.567 57.2699 115.211
19.3031 119.567 7.67429 75.6377
19.3031 119.567 3.45109 278.162
19.3031 119.567 24.238 162.104
19.3031 119.567 29.7784 146.656
19.3031 119.567 51.3645 126.902
881.542 136.416 848.567 113.333
881.542 136.416 844.154 127.881
881.542 136.416 856.9 158.027
881.542 136.416 890.625 181.805
881.542 136.416 915.323 133.542
881.542 136.416 888.742 130.356
881.542 136.416 886.376 130.207
222.591 118.9 218.481 115.645
222.591 118.9 265.804 126.008
222.591 118.9 237.058 96.8675
222.591 118.9 218.951 102.079
706.123 80.5979 743.241 43.445
706.123 80.5979 682.373 38.0821
706.123 80.5979 683.57 77.9347
706.123 80.5979 680.679 112.922
706.123 80.5979 717.88 92.4375
706.123 80.5979 749.011 78.6735
450.551 745.223 418.936 667.4
450.551 745.223 407.317 676.604
450.551 745.223 397.6 759.745
450.551 745.223 437.446 777.196
450.551 745.223 483.339 730.638
30.8236 36.9459 59.4272 23.764
30.8236 36.9459 17.9567 63.944
30.8236 36.9459 95.6358 91.2114
30.8236 36.9459 82.5953 30.2253
859.681 514.296 864.3 486.779
859.681 514.296 829.986 517.973
859.681 514.296 829.849 540.173
859.681 514.296 849.912 577.038
859.681 514.296 859.331 581.797
859.681 514.296 905.79 538.07
859.681 514.296 895.101 483.526
216.343 548.881 242.299 561.824
216.343 548.881 230.409 538.21
216.343 548.881 187.569 514.662
216.343 548.881 185.581 533.002
216.343 548.881 214.536 556.023
619.996 85.339 614.211 13.9401
619.996 85.339 594.55 35.6837
619.996 85.339 578.107 96.9354
619.996 85.339 580.121 126.217
619.996 85.339 635.286 111.03
619.996 85.339 630.31 91.9273
619.996 85.339 663.4 74.3363
297.966 416.542 288.874 387.496
297.966 416.542 268.39 464.52
297.966 416.542 282.967 479.398
297.966 416.542 332.973 436.795
297.966 416.542 319.584 413.143
297.966 416.542 319.836 412.818
257.035 310.075 288.903 338.962
257.035 310.075 304.077 319.413
257.035 310.075 303.851 310.1
257.035 310.075 283.687 267.16
257.035 310.075 242.584 247.323
257.035 310.075 208.202 305.234
417.54 466.776 391.221 456.144
417.54 466.776 384.424 475.561
417.54 466.776 421.835 477.691
417.54 466.776 433.528 471.124
417.54 466.776 435.041 415.477
768.077 518.01 784.377 520.513
768.077 518.01 790.238 518.192
768.077 518.01 802.571 472.91
768.077 518.01 769.429 461.454
768.077 518.01 762.379 463.98
768.077 518.01 733.234 501.374
768.077 518.01 760.198 526.664
603.577 714.52 610.186 742.855
603.577 714.52 626.593 727.955
603.577 714.52 612.35 694.332
603.577 714.52 597.429 711.547
288.874 387.496 319.836 412.818
288.874 387.496 327.04 401.231
288.874 387.496 323.342 370.479
288.874 387.496 282.901 366.429
912.222 104.313 936.789 110.598
912.222 104.313 938.934 79.4699
912.222 104.313 912.118 29.2075
912.222 104.313 852.968 67.2491
912.222 104.313 900.029 119.733
912.222 104.313 915.323 133.542
88.8034 216.169 101.139 257.294
88.8034 216.169 114.781 218.072
88.8034 216.169 116.674 206.494
88.8034 216.169 80.1645 201.734
88.8034 216.169 72.3445 236.329
938.468 643.191 907.102 661.484
938.468 643.191 935.883 667.144
938.468 643.191 942.165 621.27
546.696 182.145 508.909 152.797
546.696 182.145 525.811 185.684
546.696 182.145 531.526 232.194
546.696 182.145 563.463 227.355
546.696 182.145 579.391 197.687
590.79 839.832 634.95 808.054
590.79 839.832 592.041 796.219
590.79 839.832 568.326 813.922
590.79 839.832 587.744 850.145
590.79 839.832 617.285 874.467
526.472 689.111 505.378 670.53
526.472 689.111 587.453 704.132
526.472 689.111 551.067 669.734
114.781 218.072 143.16 217.016
114.781 218.072 116.674 206.494
114.781 218.072 101.139 257.294
114.781 218.072 130.256 237.981
481.727 215.225 483.765 273.476
481.727 215.225 531.526 232.194
481.727 215.225 503.808 184.356
481.727 215.225 472.819 173.467
481.727 215.225 454.013 202.028
481.727 215.225 447.517 259.263
587.453 704.132 598.977 691.114
587.453 704.132 551.067 669.734
587.453 704.132 544.777 742.814
587.453 704.132 597.429 711.547
124.552 717.001 74.1912 750.861
124.552 717.001 141.851 728.683
124.552 717.001 134.709 711.005
124.552 717.001 132.373 709.706
124.552 717.001 82.7252 708.635
124.552 717.001 74.7618 726.646
647.06 397.763 640.574 419.924
647.06 397.763 711.38 421.748
647.06 397.763 688.583 375.768
647.06 397.763 654.765 363.386
647.06 397.763 612.975 378.637
647.06 397.763 613.535 395.15
346.918 992.347 395.128 987.927
346.918 992.347 325.227 990.321
346.918 992.347 318.241 997.03
106.104 335.203 141.207 394.151
106.104 335.203 143.802 358.49
106.104 335.203 75.1914 277.687
106.104 335.203 6.6237 391.021
106.104 335.203 46.5315 401.013
106.104 335.203 67.7801 412.747
508.909 152.797 516.202 183.873
508.909 152.797 525.811 185.684
508.909 152.797 531.117 120.579
508.909 152.797 488.291 130.414
508.909 152.797 483.99 149.985
508.909 152.797 503.808 184.356
995.326 862.67 991.649 794.28
995.326 862.67 950.398 866.39
995.326 862.67 951.368 875.285
995.326 862.67 965.71 894.119
995.326 862.67 998.736 878.493
328.893 606.512 337.251 607.051
328.893 606.512 324.734 597.495
328.893 606.512 314.605 633.369
130.41 579.455 132.839 564.642
130.41 579.455 132.332 564.88
130.41 579.455 116.693 570.662
130.41 579.455 95.5239 596.701
130.41 579.455 112.135 620.599
130.41 579.455 143.779 610.499
130.41 579.455 143.418 588.424
617.452 216.736 636.755 226.084
617.452 216.736 647.268 200.305
617.452 216.736 615.548 205.634
617.452 216.736 614.7 212.72
617.452 216.736 611.311 243.038
909.988 769.05 875.093 829.444
909.988 769.05 920.139 858.015
909.988 769.05 931.806 859.08
909.988 769.05 968.129 769.486
909.988 769.05 929.759 757.41
909.988 769.05 854.689 789.552
7.67429 75.6377 16.1511 13.5393
7.67429 75.6377 3.45109 278.162
7.67429 75.6377 57.2699 115.211
7.67429 75.6377 17.9567 63.944
265.804 126.008 328.715 154.789
265.804 126.008 291.183 111.88
265.804 126.008 276.27 84.3059
265.804 126.008 237.058 96.8675
265.804 126.008 233.233 168.462
265.804 126.008 287.375 194.893
265.804 126.008 308.787 181.223
336.036 572.504 337.251 607.051
336.036 572.504 366.994 582.902
336.036 572.504 322.79 562.362
336.036 572.504 324.734 597.495
485.973 430.814 481.413 440.088
485.973 430.814 490.934 467.072
485.973 430.814 540.831 437.524
485.973 430.814 530.597 405.874
485.973 430.814 496.198 386.952
485.973 430.814 445.401 411.263
189.945 936.351 199.228 940.645
189.945 936.351 218.042 934.556
189.945 936.351 203.64 891.215
189.945 936.351 177.828 928.59
189.945 936.351 163.605 950.982
189.945 936.351 195.306 954.32
214.888 349.696 183.412 360.672
214.888 349.696 200.33 391.694
214.888 349.696 227.863 385.061
146.879 431.013 141.207 394.151
146.879 431.013 140.592 440.031
146.879 431.013 165.375 444.879
798.568 91.6354 835.862 120.582
798.568 91.6354 814.256 80.179
798.568 91.6354 779.747 69.0232
798.568 91.6354 749.011 78.6735
798.568 91.6354 743.173 95.5345
798.568 91.6354 770.907 124.784
798.568 91.6354 796.694 112.911
579.391 197.687 563.463 227.355
579.391 197.687 579.438 242.344
579.391 197.687 614.7 212.72
579.391 197.687 615.548 205.634
579.391 197.687 612.297 167.435
579.391 197.687 577.029 158.849
233.233 168.462 287.375 194.893
233.233 168.462 203.324 168.703
233.233 168.462 227.36 172.983
233.233 168.462 227.4 223.82
101.139 257.294 130.256 237.981
101.139 257.294 72.3445 236.329
101.139 257.294 74.2632 252.861
101.139 257.294 102.208 268.122
323.342 370.479 327.04 401.231
323.342 370.479 380.52 358.341
323.342 370.479 354.074 345.618
323.342 370.479 324.827 356.359
323.342 370.479 282.901 366.429
940.624 951.751 914.209 937.305
940.624 951.751 888.768 980.618
940.624 951.751 928.502 996.981
940.624 951.751 959.601 995.102
940.624 951.751 977.5 949.039
940.624 951.751 940.73 948.078
612.35 694.332 626.593 727.955
612.35 694.332 627.214 676.755
612.35 694.332 598.977 691.114
612.35 694.332 597.429 711.547
762.379 463.98 769.429 461.454
762.379 463.98 750.525 439.184
762.379 463.98 742.691 463.268
762.379 463.98 733.234 501.374
615.566 515.695 618.274 514.858
615.566 515.695 617.216 489.821
615.566 515.695 624.958 523.165
183.22 709.521 233.235 687.751
183.22 709.521 209.435 667.14
183.22 709.521 195.897 665.673
183.22 709.521 169.46 678.21
183.22 709.521 173.012 715.41
306.173 732.702 352.86 727.722
306.173 732.702 325.55 693.576
306.173 732.702 315.581 693.343
306.173 732.702 312.907 693.365
323.242 807.861 362.222 762.287
323.242 807.861 318.415 795.593
323.242 807.861 316.719 818.907
323.242 807.861 344.452 838.441
323.242 807.861 401.667 801.676
726.887 161.009 707.001 128.189
726.887 161.009 731.296 175.927
726.887 161.009 737.97 169.916
726.887 161.009 765.404 154.34
186.626 136.945 168.747 102.779
186.626 136.945 133.011 158.425
186.626 136.945 160.464 175.419
186.626 136.945 203.324 168.703
186.626 136.945 193.534 134.767
203.324 168.703 193.534 134.767
203.324 168.703 160.464 175.419
203.324 168.703 174.28 196.515
203.324 168.703 190.832 204.268
203.324 168.703 227.36 172.983
132.839 564.642 132.332 564.88
132.839 564.642 143.418 588.424
132.839 564.642 152.803 533.952
132.839 564.642 138.838 524.178
737.97 169.916 731.296 175.927
737.97 169.916 778.613 170.172
737.97 169.916 765.404 154.34
268.851 701.178 227.569 748.572
268.851 701.178 312.907 693.365
268.851 701.178 303.584 680.984
145.816 614.151 195.242 616.899
145.816 614.151 190.325 599.718
145.816 614.151 150.581 599.777
145.816 614.151 143.779 610.499
145.816 614.151 112.135 620.599
145.816 614.151 144.803 644.14
636.755 226.084 654.713 205.102
636.755 226.084 647.268 200.305
636.755 226.084 611.311 243.038
636.755 226.084 661.455 246.358
636.755 226.084 670.018 230.649
787.79 949.259 818.44 939.25
787.79 949.259 781.195 938.937
787.79 949.259 762.778 943.906
787.79 949.259 760.728 969.913
787.79 949.259 844.718 966.1
918.207 221.963 935.915 271.563
918.207 221.963 972.691 261.916
918.207 221.963 966.513 193.978
918.207 221.963 899.446 204.84
918.207 221.963 897.666 225.789
918.207 221.963 895.12 238.971
312.907 693.365 315.581 693.343
312.907 693.365 303.584 680.984
185.581 533.002 187.569 514.662
185.581 533.002 172.351 529.357
396.655 276.89 374.578 266.283
396.655 276.89 395.809 283.609
396.655 276.89 405.375 269.624
396.655 276.89 395.203 245.598
65.1951 724.481 41.3332 739.203
65.1951 724.481 74.1912 750.861
65.1951 724.481 74.7618 726.646
65.1951 724.481 82.7252 708.635
65.1951 724.481 33.5919 696.351
661.455 246.358 678.23 252.641
661.455 246.358 670.018 230.649
788.16 449.559 769.429 461.454
788.16 449.559 802.571 472.91
788.16 449.559 864.349 432
788.16 449.559 780.591 397.055
788.16 449.559 750.525 439.184
855.318 5.93535 784.551 38.0178
855.318 5.93535 856.379 45.6094
855.318 5.93535 875.778 11.0203
855.318 5.93535 890.675 1.64321
855.318 5.93535 765.999 4.19972
855.318 5.93535 767.529 13.0904
116.081 687.006 84.1278 692.355
116.081 687.006 132.373 709.706
116.081 687.006 129.186 655.319
116.081 687.006 90.2527 668.492
80.1645 201.734 61.7672 161.929
80.1645 201.734 48.2871 167.178
80.1645 201.734 72.3445 236.329
80.1645 201.734 116.674 206.494
80.1645 201.734 120.016 177.837
540.831 437.524 490.934 467.072
540.831 437.524 534.661 477.479
540.831 437.524 580.24 420.262
540.831 437.524 530.597 405.874
620.32 743.264 644.529 763.056
620.32 743.264 626.593 727.955
620.32 743.264 610.186 742.855
620.32 743.264 605.815 772.992
620.32 743.264 631.083 779.787
65.8367 838.368 78.9367 801.059
65.8367 838.368 59.1696 797.456
65.8367 838.368 36.4725 796.94
65.8367 838.368 56.3136 854.5
65.8367 838.368 79.5506 842.033
84.1278 692.355 82.7252 708.635
84.1278 692.355 90.2527 668.492
84.1278 692.355 79.6738 667.009
84.1278 692.355 33.5919 696.351
400.133 867.789 466.122 835.061
400.133 867.789 401.667 801.676
400.133 867.789 344.452 838.441
400.133 867.789 388.413 891.289
400.133 867.789 448.355 914.703
400.133 867.789 464.164 854.465
14.2338 567.694 19.1615 567.592
14.2338 567.694 1.48074 541.802
14.2338 567.694 8.58379 572.751
2.67083 422.65 23.9099 425.354
2.67083 422.65 32.6151 414.012
2.67083 422.65 6.6237 391.021
2.67083 422.65 3.45109 278.162
2.67083 422.65 1.48074 541.802
2.67083 422.65 9.9112 490.013
726.605 270.776 695.117 293.827
726.605 270.776 731.928 310.951
726.605 270.776 774.275 241.957
726.605 270.776 731.296 175.927
726.605 270.776 678.23 252.641
352.075 207.614 350.77 172.661
352.075 207.614 340.646 178.128
352.075 207.614 324.798 197.818
352.075 207.614 349.926 230.046
352.075 207.614 360.732 222.031
352.075 207.614 378.005 202.322
352.075 207.614 366.131 175.696
325.227 990.321 302.081 971.673
325.227 990.321 300.034 989.445
325.227 990.321 318.241 997.03
829.986 517.973 829.849 540.173
829.986 517.973 820.682 488.197
829.986 517.973 790.238 518.192
864.349 432 802.571 472.91
864.349 432 878.212 449.715
864.349 432 894.284 445.852
864.349 432 887.774 386.784
864.349 432 827.828 367.751
864.349 432 780.591 397.055
133.011 158.425 120.016 177.837
133.011 158.425 135.537 173.786
133.011 158.425 160.464 175.419
133.011 158.425 168.747 102.779
133.011 158.425 99.2241 128.089
133.011 158.425 97.7673 133.845
405.16 200.358 397.263 176.936
405.16 200.358 384.086 189.468
405.16 200.358 378.005 202.322
405.16 200.358 395.203 245.598
405.16 200.358 447.517 259.263
405.16 200.358 454.013 202.028
875.093 829.444 833.282 870.245
875.093 829.444 863.853 892.226
875.093 829.444 894.036 883.327
875.093 829.444 920.139 858.015
875.093 829.444 854.689 789.552
82.7252 708.635 33.5919 696.351
82.7252 708.635 74.7618 726.646
962.283 996.035 983.942 944.61
962.283 996.035 977.5 949.039
962.283 996.035 959.601 995.102
962.283 996.035 928.502 996.981
852.968 67.2491 912.118 29.2075
852.968 67.2491 858.263 46.2331
852.968 67.2491 814.256 80.179
852.968 67.2491 839.281 88.8274
852.968 67.2491 848.567 113.333
852.968 67.2491 900.029 119.733
472.493 460.863 481.413 440.088
472.493 460.863 445.401 411.263
472.493 460.863 435.041 415.477
472.493 460.863 433.528 471.124
472.493 460.863 458.301 491.247
472.493 460.863 490.934 467.072
472.493 460.863 481.619 456.219
635.286 111.03 580.121 126.217
635.286 111.03 641.733 127.02
635.286 111.03 645.73 128.692
635.286 111.03 680.679 112.922
635.286 111.03 674.662 86.4284
635.286 111.03 630.31 91.9273
537.937 501.691 537.548 499.624
537.937 501.691 523.968 499.866
537.937 501.691 555.177 524.528
516.202 183.873 503.808 184.356
516.202 183.873 531.526 232.194
516.202 183.873 525.811 185.684
533.111 847.747 568.326 813.922
533.111 847.747 484.073 759.432
533.111 847.747 522.647 876.5
533.111 847.747 577.625 862.668
234.757 397.25 227.863 385.061
234.757 397.25 200.33 391.694
234.757 397.25 235.289 416.761
234.757 397.25 240.799 411.398
490.934 467.072 523.968 499.866
490.934 467.072 534.661 477.479
490.934 467.072 481.413 440.088
490.934 467.072 481.619 456.219
289.094 508.987 288.05 515.12
289.094 508.987 282.967 479.398
289.094 508.987 274.893 501.816
700.796 843.876 696.488 794.784
700.796 843.876 678.099 829.137
700.796 843.876 671.066 835.579
700.796 843.876 697.954 870.115
700.796 843.876 733.117 855.28
700.796 843.876 749.737 792.212
700.796 843.876 730.92 782.804
752.67 9.76976 769.713 28.0852
752.67 9.76976 767.529 13.0904
752.67 9.76976 765.999 4.19972
752.67 9.76976 746.665 4.72959
752.67 9.76976 729.667 12.7065
752.67 9.76976 743.241 43.445
218.042 934.556 246.07 940.827
218.042 934.556 264.737 895.442
218.042 934.556 203.64 891.215
218.042 934.556 199.228 940.645
218.042 934.556 195.306 954.32
218.042 934.556 226.771 985.712
218.042 934.556 247.819 960.13
160.532 911.46 203.64 891.215
160.532 911.46 204.259 885.058
160.532 911.46 137.678 863.479
160.532 911.46 135.1 891.047
160.532 911.46 139.708 928.851
160.532 911.46 168.832 922.295
534.85 655.453 551.067 669.734
534.85 655.453 582.537 592.309
534.85 655.453 530.315 650.74
534.85 655.453 505.378 670.53
987.493 287.748 973.303 318.34
987.493 287.748 988.87 291.683
987.493 287.748 990.307 265.653
987.493 287.748 972.691 261.916
987.493 287.748 932.959 280.642
780.545 545.823 784.377 520.513
780.545 545.823 760.198 526.664
780.545 545.823 752.82 540.114
780.545 545.823 734.179 579.221
780.545 545.823 782.638 596.441
780.545 545.823 794.516 554.497
780.545 545.823 790.238 518.192
890.625 181.805 915.323 133.542
890.625 181.805 856.9 158.027
890.625 181.805 887.178 183.682
890.625 181.805 889.567 197.224
890.625 181.805 899.446 204.84
890.625 181.805 950.228 155.875
890.625 181.805 926.669 135.417
641.733 127.02 580.121 126.217
641.733 127.02 612.297 167.435
641.733 127.02 646.833 150.221
641.733 127.02 645.73 128.692
246.07 940.827 247.819 960.13
246.07 940.827 254.99 942.064
246.07 940.827 275.899 918.963
246.07 940.827 264.737 895.442
777.403 716.728 850.994 722.9
777.403 716.728 820.805 683.506
777.403 716.728 778.658 696.321
777.403 716.728 774.43 731.606
777.403 716.728 775.319 731.541
112.135 620.599 143.779 610.499
112.135 620.599 95.5239 596.701
112.135 620.599 99.4015 621.702
112.135 620.599 129.186 655.319
112.135 620.599 144.803 644.14
535.187 993.517 529.665 984.356
535.187 993.517 621.841 999.017
673.065 16.8277 671.252 41.2995
673.065 16.8277 682.373 38.0821
673.065 16.8277 694.579 4.439
673.065 16.8277 646.64 8.72176
97.7673 133.845 99.2241 128.089
97.7673 133.845 70.0639 111.235
97.7673 133.845 63.9411 145.881
97.7673 133.845 61.7672 161.929
97.7673 133.845 120.016 177.837
466.122 835.061 437.446 777.196
466.122 835.061 401.667 801.676
466.122 835.061 464.164 854.465
466.122 835.061 470.463 857.965
466.122 835.061 484.073 759.432
618.274 514.858 617.216 489.821
618.274 514.858 624.958 523.165
618.274 514.858 627.068 496.213
971.731 123.593 932.487 123.448
971.731 123.593 955.131 146.601
971.731 123.593 985.148 149.823
971.731 123.593 990.532 142.162
971.731 123.593 972.506 117.231
971.731 123.593 944.973 104.066
971.731 123.593 936.789 110.598
728.841 974.078 706.755 970.018
728.841 974.078 740.517 965.235
890.675 1.64321 694.579 4.439
890.675 1.64321 765.999 4.19972
890.675 1.64321 875.778 11.0203
890.675 1.64321 912.118 29.2075
890.675 1.64321 933.965 3.07449
761.47 863.576 743.12 862.773
761.47 863.576 747.657 870.194
761.47 863.576 756.227 883.759
761.47 863.576 769.702 889.611
761.47 863.576 782.189 874.658
761.47 863.576 766.157 859.881
99.4015 621.702 79.6738 667.009
99.4015 621.702 90.2527 668.492
99.4015 621.702 129.186 655.319
99.4015 621.702 95.5239 596.701
99.4015 621.702 81.7268 596.739
99.4015 621.702 39.5298 637.894
577.029 158.849 612.297 167.435
577.029 158.849 580.121 126.217
28.4799 265.133 74.0946 275.717
28.4799 265.133 74.2632 252.861
28.4799 265.133 72.3445 236.329
28.4799 265.133 3.45109 278.162
28.4799 265.133 75.1914 277.687
16.1511 13.5393 17.9567 63.944
16.1511 13.5393 59.4272 23.764
16.1511 13.5393 111.137 25.2836
612.409 293.826 652.975 299.107
612.409 293.826 611.311 243.038
612.409 293.826 584.372 274.591
612.409 293.826 601.528 295.349
612.409 293.826 620.847 306.113
218.481 115.645 193.534 134.767
218.481 115.645 218.951 102.079
218.481 115.645 190.184 94.3472
734.997 667.926 725.459 706.294
734.997 667.926 760.122 675.721
734.997 667.926 759.335 656.41
734.997 667.926 746.84 604.213
734.997 667.926 697.795 641.313
734.997 667.926 689.514 657.474
734.997 667.926 679.913 671.494
797.174 823.096 790.716 838.899
797.174 823.096 833.282 870.245
797.174 823.096 814.552 789.998
797.174 823.096 780.266 802.538
200.33 391.694 165.375 444.879
200.33 391.694 208.115 455.917
200.33 391.694 235.289 416.761
200.33 391.694 227.863 385.061
200.33 391.694 183.412 360.672
200.33 391.694 148.13 377.318
818.256 676.19 873.318 655.869
818.256 676.19 817.413 641.721
818.256 676.19 808.165 677.354
818.256 676.19 820.805 683.506
818.256 676.19 874.257 658.697
802.571 472.91 769.429 461.454
802.571 472.91 790.238 518.192
802.571 472.91 820.682 488.197
437.069 309.883 447.142 288.652
437.069 309.883 395.809 283.609
437.069 309.883 381.568 316.881
437.069 309.883 406.231 362.356
437.069 309.883 434.171 362.2
904.769 449.017 894.284 445.852
904.769 449.017 896.978 457.663
904.769 449.017 902.416 474.175
904.769 449.017 936.594 458.746
904.769 449.017 917.31 388.473
904.769 449.017 905.732 388.18
696.488 794.784 678.099 829.137
696.488 794.784 730.92 782.804
696.488 794.784 722.562 763.899
696.488 794.784 708.256 737.736
696.488 794.784 644.529 763.056
684.97 724.356 679.913 671.494
684.97 724.356 627.214 676.755
684.97 724.356 626.593 727.955
684.97 724.356 644.529 763.056
684.97 724.356 708.256 737.736
684.97 724.356 725.459 706.294
565.399 337.938 596.131 335.456
565.399 337.938 568.759 301.762
565.399 337.938 559.541 352.109
695.117 293.827 704.293 314.089
695.117 293.827 731.928 310.951
695.117 293.827 678.23 252.641
695.117 293.827 676.439 284.15
695.117 293.827 680.263 295.268
208.115 455.917 268.39 464.52
208.115 455.917 235.289 416.761
208.115 455.917 165.375 444.879
208.115 455.917 172.026 465.071
208.115 455.917 189.946 475.23
208.115 455.917 225.577 489.66
946.704 685.791 935.883 667.144
946.704 685.791 907.102 661.484
946.704 685.791 889.855 726.314
946.704 685.791 929.759 757.41
946.704 685.791 952.981 686.474
742.691 463.268 750.525 439.184
742.691 463.268 707.799 441.444
742.691 463.268 700.44 461.518
742.691 463.268 733.234 501.374
418.936 667.4 407.317 676.604
418.936 667.4 412.722 641.099
169.703 305.737 149.619 360.537
169.703 305.737 183.412 360.672
169.703 305.737 208.202 305.234
169.703 305.737 176.676 274.787
559.541 352.109 580.24 420.262
559.541 352.109 599.895 384.041
559.541 352.109 596.131 335.456
559.541 352.109 530.597 405.874
689.514 657.474 697.795 641.313
689.514 657.474 647.166 646.702
689.514 657.474 679.913 671.494
915.323 133.542 926.669 135.417
915.323 133.542 932.487 123.448
915.323 133.542 900.029 119.733
915.323 133.542 888.742 130.356
209.435 667.14 226.064 670.935
209.435 667.14 221.237 652.519
209.435 667.14 195.897 665.673
209.435 667.14 233.235 687.751
122.527 929.948 104.206 923.074
122.527 929.948 139.708 928.851
122.527 929.948 135.1 891.047
397.263 176.936 435.083 141.359
397.263 176.936 373.957 168.449
397.263 176.936 384.086 189.468
848.567 113.333 835.862 120.582
848.567 113.333 844.154 127.881
848.567 113.333 886.376 130.207
848.567 113.333 900.029 119.733
848.567 113.333 839.281 88.8274
857.063 252.924 847.626 257.118
857.063 252.924 886.695 282.939
857.063 252.924 895.12 238.971
857.063 252.924 887.378 209.562
857.063 252.924 842.215 241.257
862.349 931.737 844.718 966.1
862.349 931.737 882.13 940.564
862.349 931.737 863.853 892.226
862.349 931.737 846.595 903.142
862.349 931.737 829.354 925.269
221.237 652.519 209.542 617.069
221.237 652.519 195.242 616.899
221.237 652.519 195.897 665.673
221.237 652.519 226.064 670.935
221.237 652.519 275.393 605.475
221.237 652.519 240.496 604.261
221.237 652.519 218.195 617.423
118.16 497.451 162.503 468.619
118.16 497.451 140.592 440.031
118.16 497.451 97.6329 489.983
118.16 497.451 138.838 524.178
584.196 27.3629 594.55 35.6837
584.196 27.3629 614.211 13.9401
584.196 27.3629 516.632 24.334
584.196 27.3629 523.973 79.6148
584.196 27.3629 578.107 96.9354
331.499 862.007 388.413 891.289
331.499 862.007 344.452 838.441
331.499 862.007 329.52 849.78
331.499 862.007 289.103 846.254
331.499 862.007 288.388 891.92
331.499 862.007 334.98 899.277
135.537 173.786 120.016 177.837
135.537 173.786 145.815 193.279
135.537 173.786 150.255 188.603
135.537 173.786 160.464 175.419
615.548 205.634 614.7 212.72
615.548 205.634 647.268 200.305
615.548 205.634 612.297 167.435
199.228 940.645 195.306 954.32
60.1001 455.723 71.5369 468.086
60.1001 455.723 62.0786 443.437
60.1001 455.723 23.9099 425.354
60.1001 455.723 9.9112 490.013
60.1001 455.723 62.6942 487.118
671.252 41.2995 682.373 38.0821
671.252 41.2995 646.64 8.72176
671.252 41.2995 636.236 8.9428
671.252 41.2995 614.211 13.9401
996.397 711.228 989.288 682.238
996.397 711.228 952.981 686.474
996.397 711.228 929.759 757.41
996.397 711.228 968.129 769.486
996.397 711.228 991.649 794.28
996.397 711.228 998.736 878.493
996.397 711.228 995.78 659.552
275.781 889.174 289.103 846.254
275.781 889.174 245.127 839.375
275.781 889.174 264.737 895.442
275.781 889.174 275.899 918.963
275.781 889.174 288.388 891.92
129.186 655.319 144.803 644.14
129.186 655.319 90.2527 668.492
388.343 765.977 401.667 801.676
388.343 765.977 397.6 759.745
388.343 765.977 362.222 762.287
242.299 561.824 248.833 568.09
242.299 561.824 265.402 539.877
242.299 561.824 230.409 538.21
242.299 561.824 214.536 556.023
172.026 465.071 189.946 475.23
172.026 465.071 165.375 444.879
172.026 465.071 162.503 468.619
805.804 336.146 779.517 298.832
805.804 336.146 777.404 342.668
805.804 336.146 796.666 348.929
805.804 336.146 827.828 367.751
805.804 336.146 838.788 335.671
805.804 336.146 820.219 323.596
116.674 206.494 120.016 177.837
116.674 206.494 143.16 217.016
116.674 206.494 145.815 193.279
627.214 676.755 635.532 664.987
627.214 676.755 618.844 658.409
627.214 676.755 598.977 691.114
627.214 676.755 626.593 727.955
627.214 676.755 679.913 671.494
576.953 268.805 566.177 265.301
576.953 268.805 568.759 301.762
576.953 268.805 584.372 274.591
576.953 268.805 579.438 242.344
908.186 929.208 938.138 938.902
908.186 929.208 948.112 908.442
908.186 929.208 926.929 893.309
908.186 929.208 894.036 883.327
908.186 929.208 863.853 892.226
908.186 929.208 882.13 940.564
908.186 929.208 914.209 937.305
235.289 416.761 249.237 425.118
235.289 416.761 240.799 411.398
0.545366 898.284 15.2502 845.904
0.545366 898.284 5.01126 829.004
0.545366 898.284 31.3606 947.352
0.545366 898.284 34.4178 908.319
0.545366 898.284 24.8599 870.014
981.754 453.651 936.594 458.746
981.754 453.651 983.425 501.583
981.754 453.651 986.479 505.954
981.754 453.651 973.198 429.938
596.131 335.456 620.847 306.113
596.131 335.456 601.528 295.349
596.131 335.456 568.759 301.762
596.131 335.456 599.895 384.041
596.131 335.456 620.746 356.725
596.131 335.456 623.438 334.307
275.393 605.475 303.584 680.984
275.393 605.475 314.605 633.369
275.393 605.475 324.734 597.495
275.393 605.475 322.79 562.362
275.393 605.475 271.588 537.366
275.393 605.475 248.833 568.09
275.393 605.475 240.496 604.261
326.927 645.826 355.128 618.712
326.927 645.826 337.251 607.051
326.927 645.826 314.605 633.369
326.927 645.826 303.584 680.984
326.927 645.826 325.55 693.576
326.927 645.826 382.633 678.978
326.927 645.826 367.949 635.758
289.103 846.254 245.127 839.375
289.103 846.254 288.388 891.92
289.103 846.254 329.52 849.78
289.103 846.254 316.719 818.907
657.348 163.672 680.117 177.194
657.348 163.672 680.679 112.922
657.348 163.672 646.833 150.221
657.348 163.672 612.297 167.435
657.348 163.672 647.268 200.305
1.48074 541.802 3.6386 580.945
1.48074 541.802 8.58379 572.751
1.48074 541.802 19.1615 567.592
1.48074 541.802 60.3766 530.972
1.48074 541.802 9.9112 490.013
667.148 882.543 671.066 835.579
667.148 882.543 649.597 871.473
667.148 882.543 693.26 913.151
667.148 882.543 697.954 870.115
437.446 777.196 397.6 759.745
437.446 777.196 401.667 801.676
437.446 777.196 484.073 759.432
864.3 486.779 866.088 481.949
864.3 486.779 895.101 483.526
986.479 505.954 983.425 501.583
986.479 505.954 984.854 518.622
986.479 505.954 985.22 588.208
986.479 505.954 995.78 659.552
24.238 162.104 3.45109 278.162
24.238 162.104 48.2871 167.178
24.238 162.104 29.7784 146.656
722.562 763.899 730.92 782.804
722.562 763.899 747.509 772.65
722.562 763.899 708.256 737.736
405.375 269.624 447.517 259.263
405.375 269.624 395.203 245.598
820.672 624.841 870.594 598.03
820.672 624.841 859.331 581.797
820.672 624.841 849.912 577.038
820.672 624.841 782.638 596.441
820.672 624.841 770.99 604.214
820.672 624.841 817.413 641.721
820.672 624.841 873.318 655.869
214.536 556.023 200.435 565.009
190.832 204.268 184.624 225.4
190.832 204.268 227.4 223.82
190.832 204.268 227.36 172.983
190.832 204.268 174.28 196.515
838.788 335.671 827.828 367.751
838.788 335.671 859.58 356.398
838.788 335.671 866.602 339.859
838.788 335.671 820.219 323.596
694.579 4.439 746.665 4.72959
694.579 4.439 765.999 4.19972
694.579 4.439 636.236 8.9428
694.579 4.439 646.64 8.72176
694.579 4.439 682.373 38.0821
694.579 4.439 716.964 5.939
608 608.785 551.067 669.734
608 608.785 618.844 658.409
608 608.785 630.821 630.696
608 608.785 626.554 588.624
608 608.785 608.034 576.736
608 608.785 582.537 592.309
752.82 540.114 760.198 526.664
752.82 540.114 726.913 536.293
752.82 540.114 734.179 579.221
143.16 217.016 174.28 196.515
143.16 217.016 145.815 193.279
143.16 217.016 130.256 237.981
143.16 217.016 182.192 249.88
143.16 217.016 184.624 225.4
407.317 676.604 397.6 759.745
407.317 676.604 412.722 641.099
407.317 676.604 382.633 678.978
993.846 195.486 991.34 257.292
993.846 195.486 990.532 142.162
993.846 195.486 969.659 186.952
993.846 195.486 990.544 204.645
634.95 808.054 617.285 874.467
634.95 808.054 649.597 871.473
634.95 808.054 671.066 835.579
634.95 808.054 629.828 798.473
165.375 444.879 140.592 440.031
165.375 444.879 162.503 468.619
400.247 106.533 397.698 127.951
400.247 106.533 435.083 141.359
400.247 106.533 449.042 127.72
400.247 106.533 465.272 86.3971
400.247 106.533 458.179 69.4791
400.247 106.533 424.505 38.5125
162.503 468.619 140.592 440.031
162.503 468.619 138.838 524.178
162.503 468.619 187.569 514.662
162.503 468.619 189.946 475.23
322.79 562.362 324.734 597.495
322.79 562.362 367.897 535.801
322.79 562.362 288.05 515.12
322.79 562.362 271.588 537.366
844.154 127.881 835.862 120.582
844.154 127.881 802.335 128.911
844.154 127.881 804.29 162.706
844.154 127.881 828.92 174.034
844.154 127.881 856.9 158.027
769.713 28.0852 784.551 38.0178
769.713 28.0852 767.529 13.0904
137.678 863.479 135.1 891.047
137.678 863.479 204.259 885.058
137.678 863.479 107.743 815.605
137.678 863.479 79.5506 842.033
137.678 863.479 93.424 877.14
310.951 191.314 308.787 181.223
310.951 191.314 287.375 194.893
310.951 191.314 324.798 197.818
344.452 838.441 388.413 891.289
344.452 838.441 401.667 801.676
344.452 838.441 316.719 818.907
344.452 838.441 329.52 849.78
617.216 489.821 534.661 477.479
617.216 489.821 537.548 499.624
617.216 489.821 627.068 496.213
617.216 489.821 648.955 484.969
617.216 489.821 640.574 419.924
924.288 378.229 967.541 425.026
924.288 378.229 955.402 363.336
924.288 378.229 918.462 364.651
924.288 378.229 905.732 388.18
924.288 378.229 917.31 388.473
563.374 244.74 579.438 242.344
563.374 244.74 563.463 227.355
563.374 244.74 540.357 246.388
563.374 244.74 566.177 265.301
990.532 142.162 992.779 60.9161
990.532 142.162 981.841 86.0968
990.532 142.162 972.506 117.231
990.532 142.162 985.148 149.823
11.5931 640.391 24.1402 642.362
11.5931 640.391 8.30845 621.085
11.5931 640.391 10.4968 663.793
985.22 588.208 995.78 659.552
985.22 588.208 984.854 518.622
985.22 588.208 933.872 549.002
985.22 588.208 942.165 621.27
678.23 252.641 670.018 230.649
678.23 252.641 676.439 284.15
62.0786 443.437 67.7801 412.747
62.0786 443.437 32.6151 414.012
62.0786 443.437 23.9099 425.354
374.578 266.283 349.868 315.391
374.578 266.283 381.568 316.881
374.578 266.283 395.809 283.609
374.578 266.283 395.203 245.598
374.578 266.283 387.559 244.722
374.578 266.283 352.093 241.124
283.687 267.16 303.851 310.1
283.687 267.16 352.093 241.124
283.687 267.16 349.926 230.046
283.687 267.16 242.584 247.323
955.402 363.336 967.541 425.026
955.402 363.336 989.547 379.303
955.402 363.336 984.015 324.589
955.402 363.336 973.303 318.34
955.402 363.336 917.681 341.452
955.402 363.336 918.462 364.651
449.042 127.72 435.083 141.359
449.042 127.72 483.99 149.985
449.042 127.72 488.291 130.414
449.042 127.72 482.461 103.632
449.042 127.72 465.272 86.3971
499.753 373.82 496.198 386.952
499.753 373.82 530.597 405.874
812.526 909.737 818.699 907.865
812.526 909.737 826.287 881.86
812.526 909.737 782.189 874.658
812.526 909.737 771.115 893.512
812.526 909.737 818.44 939.25
812.526 909.737 829.354 925.269
141.207 394.151 148.13 377.318
141.207 394.151 143.802 358.49
141.207 394.151 67.7801 412.747
715.079 419.545 750.525 439.184
715.079 419.545 748.441 412.68
715.079 419.545 711.38 421.748
715.079 419.545 707.799 441.444
329.52 849.78 316.719 818.907
875.778 11.0203 858.263 46.2331
875.778 11.0203 912.118 29.2075
875.778 11.0203 856.379 45.6094
90.2527 668.492 79.6738 667.009
254.99 942.064 285.856 943.487
254.99 942.064 275.899 918.963
254.99 942.064 247.819 960.13
355.128 618.712 366.994 582.902
355.128 618.712 337.251 607.051
355.128 618.712 367.949 635.758
355.128 618.712 386.814 617.194
782.189 874.658 769.702 889.611
782.189 874.658 771.115 893.512
782.189 874.658 826.287 881.86
782.189 874.658 833.282 870.245
782.189 874.658 790.716 838.899
782.189 874.658 766.157 859.881
57.2699 115.211 17.9567 63.944
57.2699 115.211 51.3645 126.902
57.2699 115.211 70.0639 111.235
726.913 536.293 734.179 579.221
726.913 536.293 760.198 526.664
726.913 536.293 720.924 521.519
726.913 536.293 709.292 531.362
731.928 310.951 704.293 314.089
731.928 310.951 724.27 328.297
731.928 310.951 726.233 329.025
731.928 310.951 777.404 342.668
731.928 310.951 779.517 298.832
143.677 26.5218 154.864 75.6524
143.677 26.5218 167.346 28.2703
143.677 26.5218 116.541 25.8873
150.255 188.603 145.815 193.279
150.255 188.603 174.28 196.515
150.255 188.603 160.464 175.419
190.325 599.718 195.242 616.899
190.325 599.718 209.542 617.069
190.325 599.718 218.195 617.423
190.325 599.718 240.496 604.261
190.325 599.718 200.435 565.009
190.325 599.718 196.592 565.424
190.325 599.718 150.581 599.777
453.966 975.956 475.769 931.606
453.966 975.956 436.652 972.574
453.966 975.956 395.128 987.927
395.809 283.609 381.568 316.881
688.583 375.768 654.765 363.386
688.583 375.768 711.38 421.748
227.569 748.572 233.235 687.751
227.569 748.572 181.66 781.625
227.569 748.572 211.125 808.183
227.569 748.572 292.908 775.123
227.569 748.572 294.7 758.043
537.548 499.624 534.661 477.479
537.548 499.624 523.968 499.866
612.297 167.435 646.833 150.221
612.297 167.435 580.121 126.217
612.297 167.435 647.268 200.305
894.036 883.327 926.929 893.309
894.036 883.327 920.51 882.685
894.036 883.327 920.139 858.015
894.036 883.327 863.853 892.226
97.6329 489.983 71.5369 468.086
97.6329 489.983 71.7927 481.251
97.6329 489.983 72.387 496.088
97.6329 489.983 79.6266 509.346
353.174 168.761 341.416 160.282
353.174 168.761 350.77 172.661
353.174 168.761 366.131 175.696
353.174 168.761 373.957 168.449
353.174 168.761 375.724 164.862
353.174 168.761 346.267 158.563
955.554 510.397 946.74 511.062
955.554 510.397 933.872 549.002
955.554 510.397 984.854 518.622
955.554 510.397 983.425 501.583
955.554 510.397 936.594 458.746
237.058 96.8675 276.27 84.3059
237.058 96.8675 265.577 60.662
237.058 96.8675 197.241 52.1132
237.058 96.8675 218.951 102.079
139.708 928.851 160.446 939.342
139.708 928.851 168.832 922.295
139.708 928.851 135.1 891.047
587.744 850.145 577.625 862.668
587.744 850.145 617.285 874.467
587.744 850.145 568.326 813.922
936.594 458.746 983.425 501.583
936.594 458.746 973.198 429.938
936.594 458.746 967.541 425.026
936.594 458.746 917.31 388.473
936.594 458.746 902.416 474.175
936.594 458.746 904.394 481.193
936.594 458.746 946.74 511.062
496.198 386.952 445.401 411.263
496.198 386.952 530.597 405.874
167.346 28.2703 197.241 52.1132
167.346 28.2703 154.864 75.6524
594.55 35.6837 614.211 13.9401
594.55 35.6837 578.107 96.9354
226.771 985.712 318.241 997.03
226.771 985.712 300.034 989.445
226.771 985.712 247.819 960.13
226.771 985.712 195.306 954.32
226.771 985.712 164.005 955.278
734.179 579.221 709.292 531.362
734.179 579.221 720.639 594.351
734.179 579.221 746.84 604.213
734.179 579.221 770.99 604.214
734.179 579.221 782.638 596.441
531.526 232.194 540.357 246.388
531.526 232.194 563.463 227.355
531.526 232.194 525.811 185.684
531.526 232.194 503.808 184.356
56.3136 854.5 58.1362 865.578
56.3136 854.5 79.5506 842.033
56.3136 854.5 24.8599 870.014
349.274 751.592 352.86 727.722
349.274 751.592 313.009 784.493
349.274 751.592 362.222 762.287
888.742 130.356 900.029 119.733
888.742 130.356 886.376 130.207
614.211 13.9401 636.236 8.9428
614.211 13.9401 516.632 24.334
410.283 388.201 407.774 392.126
410.283 388.201 435.041 415.477
410.283 388.201 445.401 411.263
410.283 388.201 434.171 362.2
410.283 388.201 406.231 362.356
410.283 388.201 380.52 358.341
59.4272 23.764 111.137 25.2836
59.4272 23.764 82.5953 30.2253
95.6358 91.2114 99.2241 128.089
95.6358 91.2114 115.696 88.0666
95.6358 91.2114 82.5953 30.2253
95.6358 91.2114 17.9567 63.944
95.6358 91.2114 70.0639 111.235
366.994 582.902 337.251 607.051
366.994 582.902 386.814 617.194
366.994 582.902 367.897 535.801
559.78 123.829 580.121 126.217
559.78 123.829 578.107 96.9354
559.78 123.829 551.787 114.256
319.836 412.818 337.798 423.197
319.836 412.818 327.04 401.231
319.836 412.818 319.584 413.143
39.352 656.72 24.1402 642.362
39.352 656.72 10.4968 663.793
39.352 656.72 48.722 659.079
39.352 656.72 39.5298 637.894
551.067 669.734 598.977 691.114
551.067 669.734 618.844 658.409
551.067 669.734 582.537 592.309
663.4 74.3363 630.31 91.9273
663.4 74.3363 674.662 86.4284
663.4 74.3363 683.57 77.9347
858.263 46.2331 912.118 29.2075
858.263 46.2331 856.379 45.6094
483.339 730.638 505.378 670.53
483.339 730.638 464.917 656.575
483.339 730.638 484.073 759.432
781.883 165.604 778.613 170.172
781.883 165.604 801.827 168.825
781.883 165.604 804.29 162.706
781.883 165.604 779.67 158.114
730.985 360.254 755.591 402.293
730.985 360.254 735.482 352.005
578.107 96.9354 523.973 79.6148
578.107 96.9354 551.787 114.256
578.107 96.9354 580.121 126.217
608.034 576.736 582.537 592.309
608.034 576.736 626.554 588.624
608.034 576.736 611.474 572.104
608.034 576.736 580.605 557.19
746.665 4.72959 716.964 5.939
746.665 4.72959 729.667 12.7065
746.665 4.72959 765.999 4.19972
584.881 885.21 577.625 862.668
584.881 885.21 555.89 912.969
584.881 885.21 587.649 904.372
584.881 885.21 617.285 874.467
899.446 204.84 889.567 197.224
899.446 204.84 887.378 209.562
899.446 204.84 897.666 225.789
899.446 204.84 966.513 193.978
899.446 204.84 950.228 155.875
315.581 693.343 325.55 693.576
315.581 693.343 303.584 680.984
337.251 607.051 324.734 597.495
337.251 607.051 314.605 633.369
516.632 24.334 451.513 36.9289
516.632 24.334 457.014 42.0471
516.632 24.334 489.231 62.0457
516.632 24.334 523.973 79.6148
107.743 815.605 78.9367 801.059
107.743 815.605 79.5506 842.033
107.743 815.605 120.27 796.729
936.789 110.598 938.934 79.4699
936.789 110.598 932.487 123.448
936.789 110.598 944.973 104.066
870.594 598.03 942.165 621.27
870.594 598.03 933.872 549.002
870.594 598.03 905.79 538.07
870.594 598.03 859.331 581.797
23.6935 785.688 23.5788 764.101
23.6935 785.688 9.83034 790.559
23.6935 785.688 23.5105 790.531
23.6935 785.688 26.6783 789.189
108.097 314.41 110.974 282.355
108.097 314.41 75.1914 277.687
306.434 783.01 318.415 795.593
306.434 783.01 313.009 784.493
306.434 783.01 301.248 774.82
306.434 783.01 292.908 775.123
324.827 356.359 354.074 345.618
324.827 356.359 323.702 338.448
324.827 356.359 288.903 338.962
324.827 356.359 282.901 366.429
352.86 727.722 362.222 762.287
352.86 727.722 397.6 759.745
352.86 727.722 382.633 678.978
352.86 727.722 325.55 693.576
354.074 345.618 380.52 358.341
354.074 345.618 381.568 316.881
354.074 345.618 349.868 315.391
354.074 345.618 323.702 338.448
784.551 38.0178 779.747 69.0232
784.551 38.0178 814.256 80.179
784.551 38.0178 767.529 13.0904
863.853 892.226 846.595 903.142
863.853 892.226 882.13 940.564
863.853 892.226 833.282 870.245
854.689 789.552 850.352 783.213
716.964 5.939 682.373 38.0821
716.964 5.939 729.667 12.7065
99.2241 128.089 168.747 102.779
99.2241 128.089 115.696 88.0666
99.2241 128.089 70.0639 111.235
268.39 464.52 249.237 425.118
268.39 464.52 225.577 489.66
268.39 464.52 274.893 501.816
268.39 464.52 282.967 479.398
482.461 103.632 491.998 88.5026
482.461 103.632 465.272 86.3971
482.461 103.632 488.291 130.414
482.461 103.632 531.117 120.579
951.006 3.67868 937.181 21.7974
951.006 3.67868 962.903 23.0392
951.006 3.67868 933.965 3.07449
303.584 680.984 314.605 633.369
303.584 680.984 325.55 693.576
624.958 523.165 662.838 555.338
624.958 523.165 627.068 496.213
630.821 630.696 664.47 586.375
630.821 630.696 626.554 588.624
630.821 630.696 618.844 658.409
630.821 630.696 647.166 646.702
993.628 913.731 983.942 944.61
993.628 913.731 998.736 878.493
993.628 913.731 965.71 894.119
993.628 913.731 969.769 910.423
991.649 794.28 968.129 769.486
991.649 794.28 931.806 859.08
991.649 794.28 950.398 866.39
991.649 794.28 998.736 878.493
973.198 429.938 967.541 425.026
973.198 429.938 989.547 379.303
991.34 257.292 990.307 265.653
991.34 257.292 988.87 291.683
991.34 257.292 990.544 204.645
991.34 257.292 972.691 261.916
481.413 440.088 445.401 411.263
481.413 440.088 481.619 456.219
274.893 501.816 225.577 489.66
274.893 501.816 230.409 538.21
274.893 501.816 265.402 539.877
274.893 501.816 271.588 537.366
274.893 501.816 288.05 515.12
274.893 501.816 282.967 479.398
796.666 348.929 827.828 367.751
796.666 348.929 777.404 342.668
796.666 348.929 780.591 397.055
78.9367 801.059 59.1696 797.456
78.9367 801.059 79.5506 842.033
78.9367 801.059 120.27 796.729
78.9367 801.059 74.1912 750.861
78.9367 801.059 59.6803 790.337
700.44 461.518 733.234 501.374
700.44 461.518 707.799 441.444
700.44 461.518 671.001 471.926
700.44 461.518 672.588 490.686
846.595 903.142 833.282 870.245
846.595 903.142 826.287 881.86
846.595 903.142 818.699 907.865
846.595 903.142 829.354 925.269
670.018 230.649 654.713 205.102
470.463 857.965 461.86 910.757
470.463 857.965 494.315 903.195
470.463 857.965 464.164 854.465
341.416 160.282 340.646 178.128
341.416 160.282 350.77 172.661
341.416 160.282 346.267 158.563
341.416 160.282 336.248 143.14
341.416 160.282 328.715 154.789
204.259 885.058 203.64 891.215
204.259 885.058 264.737 895.442
204.259 885.058 245.127 839.375
204.259 885.058 211.125 808.183
375.724 164.862 380.729 153.509
375.724 164.862 346.267 158.563
375.724 164.862 373.957 168.449
63.9411 145.881 51.3645 126.902
63.9411 145.881 29.7784 146.656
63.9411 145.881 48.2871 167.178
63.9411 145.881 61.7672 161.929
63.9411 145.881 70.0639 111.235
435.083 141.359 454.013 202.028
435.083 141.359 472.819 173.467
435.083 141.359 483.99 149.985
435.083 141.359 397.698 127.951
601.528 295.349 620.847 306.113
601.528 295.349 584.372 274.591
601.528 295.349 568.759 301.762
293.51 951.466 334.98 899.277
293.51 951.466 285.856 943.487
293.51 951.466 247.819 960.13
293.51 951.466 302.081 971.673
293.51 951.466 299.676 957.989
79.6266 509.346 72.387 496.088
79.6266 509.346 60.3766 530.972
79.6266 509.346 81.18 534.417
998.736 878.493 965.71 894.119
34.4178 908.319 26.5841 923.755
34.4178 908.319 50.0615 926.03
34.4178 908.319 58.1362 865.578
699.984 168.221 680.117 177.194
74.1912 750.861 120.27 796.729
74.1912 750.861 74.7618 726.646
74.1912 750.861 41.3332 739.203
74.1912 750.861 59.6803 790.337
717.88 92.4375 743.173 95.5345
717.88 92.4375 749.011 78.6735
717.88 92.4375 680.679 112.922
717.88 92.4375 707.001 128.189
245.127 839.375 264.737 895.442
245.127 839.375 211.125 808.183
203.64 891.215 168.832 922.295
203.64 891.215 177.828 928.59
203.64 891.215 264.737 895.442
319.517 322.266 349.868 315.391
319.517 322.266 303.851 310.1
319.517 322.266 304.077 319.413
319.517 322.266 323.702 338.448
395.203 245.598 447.517 259.263
395.203 245.598 387.559 244.722
130.256 237.981 102.208 268.122
130.256 237.981 110.974 282.355
130.256 237.981 176.676 274.787
130.256 237.981 182.192 249.88
743.241 43.445 682.373 38.0821
743.241 43.445 749.011 78.6735
743.241 43.445 729.667 12.7065
652.975 299.107 620.847 306.113
652.975 299.107 643.423 309.38
652.975 299.107 680.263 295.268
652.975 299.107 674.943 288.461
652.975 299.107 676.439 284.15
908.176 303.667 866.602 339.859
908.176 303.667 917.681 341.452
908.176 303.667 973.303 318.34
908.176 303.667 932.959 280.642
908.176 303.667 886.695 282.939
950.398 866.39 931.806 859.08
950.398 866.39 951.368 875.285
296.325 35.6564 265.577 60.662
296.325 35.6564 309.239 46.8803
296.325 35.6564 315.97 25.2866
296.325 35.6564 283.661 11.8904
247.819 960.13 300.034 989.445
247.819 960.13 302.081 971.673
247.819 960.13 285.856 943.487
318.241 997.03 300.034 989.445
294.7 758.043 292.908 775.123
294.7 758.043 301.248 774.82
873.318 655.869 907.102 661.484
873.318 655.869 817.413 641.721
873.318 655.869 874.257 658.697
287.375 194.893 308.787 181.223
287.375 194.893 227.4 223.82
120.016 177.837 145.815 193.279
120.016 177.837 61.7672 161.929
534.661 477.479 523.968 499.866
292.908 775.123 301.248 774.82
948.112 908.442 926.929 893.309
948.112 908.442 938.138 938.902
948.112 908.442 969.769 910.423
948.112 908.442 965.71 894.119
948.112 908.442 951.368 875.285
769.702 889.611 756.227 883.759
769.702 889.611 771.115 893.512
48.722 659.079 39.5298 637.894
48.722 659.079 79.6738 667.009
730.92 782.804 749.737 792.212
730.92 782.804 747.509 772.65
544.777 742.814 568.326 813.922
544.777 742.814 592.041 796.219
544.777 742.814 605.815 772.992
544.777 742.814 610.186 742.855
544.777 742.814 597.429 711.547
582.537 592.309 580.605 557.19
582.537 592.309 568.756 572.324
582.537 592.309 540.95 570.238
582.537 592.309 530.315 650.74
457.014 42.0471 458.179 69.4791
457.014 42.0471 489.231 62.0457
457.014 42.0471 451.513 36.9289
457.014 42.0471 424.505 38.5125
71.5369 468.086 62.6942 487.118
71.5369 468.086 71.7927 481.251
303.851 310.1 304.077 319.413
303.851 310.1 349.868 315.391
303.851 310.1 352.093 241.124
931.806 859.08 920.139 858.015
931.806 859.08 920.51 882.685
931.806 859.08 951.368 875.285
931.806 859.08 968.129 769.486
111.137 25.2836 82.5953 30.2253
111.137 25.2836 115.696 88.0666
111.137 25.2836 116.541 25.8873
242.584 247.323 227.4 223.82
242.584 247.323 182.192 249.88
242.584 247.323 208.202 305.234
820.805 683.506 808.165 677.354
820.805 683.506 778.658 696.321
820.805 683.506 850.994 722.9
820.805 683.506 863.438 720.596
820.805 683.506 874.257 658.697
249.237 425.118 240.799 411.398
149.619 360.537 148.13 377.318
149.619 360.537 183.412 360.672
149.619 360.537 143.802 358.49
649.597 871.473 671.066 835.579
649.597 871.473 617.285 874.467
415.83 22.1855 451.513 36.9289
415.83 22.1855 424.505 38.5125
782.638 596.441 770.99 604.214
782.638 596.441 849.912 577.038
782.638 596.441 794.516 554.497
894.284 445.852 878.212 449.715
894.284 445.852 896.978 457.663
894.284 445.852 905.732 388.18
894.284 445.852 887.774 386.784
104.206 923.074 50.0615 926.03
104.206 923.074 135.1 891.047
104.206 923.074 93.424 877.14
363.098 924.684 388.413 891.289
363.098 924.684 334.98 899.277
363.098 924.684 386.556 926.771
770.99 604.214 759.335 656.41
770.99 604.214 746.84 604.213
120.27 796.729 181.66 781.625
195.897 665.673 153.011 654.075
195.897 665.673 169.46 678.21
195.897 665.673 195.242 616.899
3.45109 278.162 6.6237 391.021
3.45109 278.162 75.1914 277.687
346.306 120.126 353.476 128.373
346.306 120.126 322.029 110.326
346.306 120.126 336.248 143.14
750.525 439.184 748.441 412.68
750.525 439.184 707.799 441.444
750.525 439.184 769.429 461.454
917.681 341.452 866.602 339.859
917.681 341.452 918.462 364.651
917.681 341.452 973.303 318.34
3.6386 580.945 10.4968 663.793
3.6386 580.945 8.30845 621.085
3.6386 580.945 32.7242 580.159
3.6386 580.945 8.58379 572.751
784.377 520.513 790.238 518.192
784.377 520.513 760.198 526.664
454.013 202.028 472.819 173.467
454.013 202.028 447.517 259.263
672.307 587.011 662.838 555.338
672.307 587.011 664.47 586.375
672.307 587.011 647.166 646.702
672.307 587.011 697.795 641.313
672.307 587.011 720.639 594.351
672.307 587.011 709.292 531.362
672.588 490.686 671.001 471.926
672.588 490.686 648.955 484.969
672.588 490.686 720.924 521.519
672.588 490.686 733.234 501.374
680.263 295.268 704.293 314.089
680.263 295.268 676.439 284.15
680.263 295.268 674.943 288.461
804.29 162.706 801.827 168.825
804.29 162.706 828.92 174.034
804.29 162.706 802.335 128.911
804.29 162.706 779.67 158.114
643.423 309.38 620.847 306.113
643.423 309.38 623.438 334.307
621.841 999.017 612.415 972.279
621.841 999.017 741.911 998.46
621.841 999.017 692.544 989.845
458.459 498.751 466.688 525.806
458.459 498.751 458.301 491.247
169.46 678.21 153.011 654.075
169.46 678.21 134.709 711.005
169.46 678.21 173.012 715.41
164.005 955.278 195.306 954.32
164.005 955.278 163.605 950.982
448.355 914.703 475.769 931.606
448.355 914.703 461.86 910.757
448.355 914.703 464.164 854.465
448.355 914.703 388.413 891.289
448.355 914.703 422.373 933.984
364.151 224.584 360.732 222.031
364.151 224.584 349.926 230.046
364.151 224.584 352.093 241.124
364.151 224.584 378.005 202.322
458.301 491.247 433.528 471.124
177.828 928.59 168.832 922.295
177.828 928.59 160.446 939.342
177.828 928.59 163.605 950.982
209.542 617.069 195.242 616.899
209.542 617.069 218.195 617.423
143.802 358.49 148.13 377.318
288.05 515.12 271.588 537.366
327.04 401.231 337.798 423.197
327.04 401.231 353.865 418.713
327.04 401.231 380.52 358.341
82.9519 584.203 116.693 570.662
82.9519 584.203 82.2 543.131
82.9519 584.203 81.7268 596.739
82.9519 584.203 95.5239 596.701
620.746 356.725 654.765 363.386
620.746 356.725 623.438 334.307
620.746 356.725 599.895 384.041
620.746 356.725 612.975 378.637
859.58 356.398 887.774 386.784
859.58 356.398 866.602 339.859
859.58 356.398 827.828 367.751
794.516 554.497 849.912 577.038
794.516 554.497 829.849 540.173
794.516 554.497 790.238 518.192
555.89 912.969 577.625 862.668
555.89 912.969 523.385 879.681
555.89 912.969 510.783 898.214
555.89 912.969 494.797 924.813
555.89 912.969 558.936 938.684
555.89 912.969 587.649 904.372
662.838 555.338 611.474 572.104
662.838 555.338 626.554 588.624
662.838 555.338 664.47 586.375
662.838 555.338 709.292 531.362
827.828 367.751 780.591 397.055
827.828 367.751 887.774 386.784
318.415 795.593 313.009 784.493
318.415 795.593 316.719 818.907
318.415 795.593 362.222 762.287
319.584 413.143 337.798 423.197
319.584 413.143 332.973 436.795
859.331 581.797 905.79 538.07
859.331 581.797 849.912 577.038
60.3766 530.972 72.387 496.088
60.3766 530.972 62.6942 487.118
60.3766 530.972 9.9112 490.013
60.3766 530.972 19.1615 567.592
60.3766 530.972 82.2 543.131
886.695 282.939 932.959 280.642
886.695 282.939 935.915 271.563
886.695 282.939 895.12 238.971
886.695 282.939 847.626 257.118
523.968 499.866 466.688 525.806
523.968 499.866 477.515 546.141
523.968 499.866 531.881 537.86
765.999 4.19972 767.529 13.0904
707.799 441.444 711.38 421.748
707.799 441.444 640.574 419.924
707.799 441.444 671.001 471.926
918.462 364.651 866.602 339.859
918.462 364.651 887.774 386.784
918.462 364.651 905.732 388.18
676.439 284.15 674.943 288.461
563.463 227.355 540.357 246.388
563.463 227.355 579.438 242.344
160.464 175.419 174.28 196.515
324.798 197.818 349.926 230.046
324.798 197.818 340.646 178.128
324.798 197.818 308.787 181.223
458.179 69.4791 424.505 38.5125
458.179 69.4791 465.272 86.3971
458.179 69.4791 489.231 62.0457
952.981 686.474 929.759 757.41
952.981 686.474 935.883 667.144
775.319 731.541 774.43 731.606
775.319 731.541 850.994 722.9
154.864 75.6524 168.747 102.779
154.864 75.6524 116.541 25.8873
154.864 75.6524 115.696 88.0666
967.541 425.026 917.31 388.473
967.541 425.026 989.547 379.303
349.926 230.046 360.732 222.031
349.926 230.046 352.093 241.124
584.372 274.591 611.311 243.038
584.372 274.591 579.438 242.344
584.372 274.591 568.759 301.762
367.949 635.758 412.722 641.099
367.949 635.758 386.814 617.194
367.949 635.758 382.633 678.978
678.099 829.137 671.066 835.579
300.034 989.445 302.081 971.673
708.256 737.736 644.529 763.056
708.256 737.736 731.235 728.701
708.256 737.736 725.459 706.294
935.915 271.563 932.959 280.642
935.915 271.563 972.691 261.916
935.915 271.563 895.12 238.971
484.073 759.432 568.326 813.922
882.13 940.564 844.718 966.1
882.13 940.564 888.768 980.618
882.13 940.564 914.209 937.305
397.698 127.951 353.476 128.373
397.698 127.951 380.729 153.509
740.517 965.235 760.728 969.913
740.517 965.235 762.778 943.906
740.517 965.235 693.26 913.151
740.517 965.235 706.755 970.018
644.529 763.056 626.593 727.955
644.529 763.056 631.083 779.787
826.814 259.934 812.063 253.72
826.814 259.934 821.615 266.893
826.814 259.934 830.762 288.305
826.814 259.934 847.626 257.118
989.288 682.238 995.78 659.552
412.722 641.099 386.814 617.194
412.722 641.099 382.633 678.978
412.722 641.099 453.681 641.852
965.71 894.119 969.769 910.423
965.71 894.119 951.368 875.285
902.416 474.175 896.978 457.663
902.416 474.175 895.101 483.526
902.416 474.175 904.394 481.193
829.849 540.173 790.238 518.192
829.849 540.173 849.912 577.038
353.476 128.373 336.248 143.14
353.476 128.373 346.267 158.563
353.476 128.373 380.729 153.509
850.352 783.213 814.552 789.998
850.352 783.213 850.994 722.9
240.496 604.261 218.195 617.423
240.496 604.261 248.833 568.09
240.496 604.261 200.435 565.009
540.95 570.238 568.756 572.324
540.95 570.238 580.605 557.19
540.95 570.238 555.177 524.528
540.95 570.238 531.881 537.86
540.95 570.238 477.515 546.141
748.441 412.68 755.591 402.293
187.569 514.662 138.838 524.178
187.569 514.662 172.351 529.357
187.569 514.662 230.409 538.21
187.569 514.662 225.577 489.66
187.569 514.662 189.946 475.23
640.574 419.924 671.001 471.926
640.574 419.924 711.38 421.748
640.574 419.924 613.535 395.15
640.574 419.924 600.513 410.838
640.574 419.924 648.955 484.969
276.27 84.3059 291.183 111.88
276.27 84.3059 265.577 60.662
424.505 38.5125 451.513 36.9289
920.51 882.685 951.368 875.285
920.51 882.685 920.139 858.015
920.51 882.685 926.929 893.309
150.581 599.777 143.418 588.424
150.581 599.777 143.779 610.499
887.774 386.784 905.732 388.18
887.774 386.784 866.602 339.859
821.615 266.893 830.762 288.305
821.615 266.893 812.063 253.72
821.615 266.893 779.517 298.832
707.001 128.189 680.679 112.922
208.202 305.234 182.192 249.88
208.202 305.234 176.676 274.787
264.737 895.442 275.899 918.963
647.166 646.702 635.532 664.987
647.166 646.702 679.913 671.494
647.166 646.702 697.795 641.313
647.166 646.702 664.47 586.375
647.166 646.702 618.844 658.409
766.263 786.158 747.509 772.65
766.263 786.158 749.737 792.212
766.263 786.158 780.266 802.538
766.263 786.158 814.552 789.998
671.001 471.926 648.955 484.969
70.0639 111.235 51.3645 126.902
70.0639 111.235 17.9567 63.944
48.2871 167.178 61.7672 161.929
48.2871 167.178 29.7784 146.656
778.613 170.172 774.275 241.957
778.613 170.172 801.827 168.825
778.613 170.172 779.67 158.114
778.613 170.172 765.404 154.34
778.613 170.172 731.296 175.927
704.293 314.089 724.27 328.297
972.506 117.231 981.841 86.0968
972.506 117.231 944.973 104.066
436.652 972.574 395.128 987.927
436.652 972.574 475.769 931.606
436.652 972.574 422.373 933.984
436.652 972.574 414.255 968.558
833.282 870.245 790.716 838.899
833.282 870.245 826.287 881.86
26.5841 923.755 26.5795 926.208
26.5841 923.755 50.0615 926.03
779.67 158.114 802.335 128.911
779.67 158.114 770.907 124.784
779.67 158.114 765.404 154.34
447.142 288.652 447.517 259.263
138.838 524.178 82.2 543.131
138.838 524.178 116.693 570.662
138.838 524.178 132.332 564.88
138.838 524.178 152.803 533.952
138.838 524.178 172.351 529.357
614.7 212.72 579.438 242.344
614.7 212.72 611.311 243.038
620.847 306.113 623.438 334.307
82.2 543.131 116.693 570.662
82.2 543.131 81.18 534.417
680.117 177.194 647.268 200.305
680.117 177.194 654.713 205.102
697.954 870.115 747.657 870.194
697.954 870.115 743.12 862.773
697.954 870.115 733.117 855.28
697.954 870.115 693.26 913.151
183.412 360.672 148.13 377.318
568.759 301.762 566.177 265.301
568.759 301.762 510.558 285.467
950.228 155.875 966.513 193.978
950.228 155.875 969.659 186.952
950.228 155.875 985.148 149.823
950.228 155.875 955.131 146.601
950.228 155.875 926.669 135.417
23.9099 425.354 9.9112 490.013
23.9099 425.354 32.6151 414.012
907.102 661.484 874.257 658.697
907.102 661.484 889.855 726.314
907.102 661.484 935.883 667.144
382.633 678.978 325.55 693.576
382.633 678.978 397.6 759.745
74.0946 275.717 75.1914 277.687
74.0946 275.717 102.208 268.122
74.0946 275.717 74.2632 252.861
973.303 318.34 932.959 280.642
973.303 318.34 984.015 324.589
973.303 318.34 988.87 291.683
808.165 677.354 778.658 696.321
762.778 943.906 756.227 883.759
762.778 943.906 693.26 913.151
762.778 943.906 760.728 969.913
762.778 943.906 781.195 938.937
762.778 943.906 771.115 893.512
697.795 641.313 746.84 604.213
697.795 641.313 720.639 594.351
759.335 656.41 746.84 604.213
759.335 656.41 760.122 675.721
505.378 670.53 464.917 656.575
505.378 670.53 530.315 650.74
248.833 568.09 271.588 537.366
248.833 568.09 265.402 539.877
115.696 88.0666 168.747 102.779
115.696 88.0666 116.541 25.8873
946.74 511.062 925.478 537.062
946.74 511.062 933.872 549.002
946.74 511.062 904.394 481.193
746.84 604.213 720.639 594.351
600.513 410.838 613.535 395.15
600.513 410.838 599.895 384.041
600.513 410.838 580.24 420.262
388.413 891.289 334.98 899.277
388.413 891.289 386.556 926.771
79.5506 842.033 58.1362 865.578
79.5506 842.033 93.424 877.14
19.1615 567.592 8.58379 572.751
19.1615 567.592 32.7242 580.159
503.808 184.356 483.99 149.985
503.808 184.356 472.819 173.467
282.967 479.398 332.973 436.795
779.747 69.0232 749.011 78.6735
779.747 69.0232 814.256 80.179
938.934 79.4699 944.973 104.066
938.934 79.4699 981.841 86.0968
938.934 79.4699 992.779 60.9161
938.934 79.4699 962.903 23.0392
938.934 79.4699 928.011 33.0227
938.934 79.4699 912.118 29.2075
747.509 772.65 749.737 792.212
373.957 168.449 366.131 175.696
373.957 168.449 384.086 189.468
683.57 77.9347 674.662 86.4284
683.57 77.9347 680.679 112.922
683.57 77.9347 682.373 38.0821
568.756 572.324 580.605 557.19
465.272 86.3971 491.998 88.5026
465.272 86.3971 489.231 62.0457
491.998 88.5026 531.117 120.579
491.998 88.5026 523.973 79.6148
491.998 88.5026 489.231 62.0457
626.593 727.955 610.186 742.855
135.1 891.047 93.424 877.14
802.335 128.911 796.694 112.911
802.335 128.911 770.907 124.784
802.335 128.911 835.862 120.582
790.238 518.192 820.682 488.197
611.311 243.038 579.438 242.344
814.256 80.179 835.862 120.582
814.256 80.179 839.281 88.8274
285.856 943.487 334.98 899.277
285.856 943.487 275.899 918.963
24.1402 642.362 39.5298 637.894
24.1402 642.362 8.30845 621.085
24.1402 642.362 10.4968 663.793
818.44 939.25 781.195 938.937
818.44 939.25 844.718 966.1
818.44 939.25 829.354 925.269
489.231 62.0457 523.973 79.6148
741.911 998.46 734.884 992.94
741.911 998.46 692.544 989.845
741.911 998.46 928.502 996.981
741.911 998.46 888.768 980.618
741.911 998.46 844.718 966.1
134.709 711.005 132.373 709.706
134.709 711.005 141.851 728.683
134.709 711.005 173.012 715.41
230.409 538.21 265.402 539.877
230.409 538.21 225.577 489.66
635.532 664.987 679.913 671.494
635.532 664.987 618.844 658.409
779.517 298.832 777.404 342.668
779.517 298.832 820.219 323.596
779.517 298.832 830.762 288.305
360.732 222.031 378.005 202.322
925.478 537.062 904.394 481.193
925.478 537.062 905.79 538.07
925.478 537.062 933.872 549.002
336.248 143.14 322.029 110.326
336.248 143.14 328.715 154.789
336.248 143.14 346.267 158.563
225.577 489.66 189.946 475.23
176.676 274.787 182.192 249.88
992.779 60.9161 962.903 23.0392
992.779 60.9161 981.841 86.0968
8.30845 621.085 10.4968 663.793
8.30845 621.085 39.5298 637.894
8.30845 621.085 32.7242 580.159
654.713 205.102 647.268 200.305
75.1914 277.687 6.6237 391.021
75.1914 277.687 110.974 282.355
75.1914 277.687 102.208 268.122
749.737 792.212 766.157 859.881
749.737 792.212 780.266 802.538
749.737 792.212 733.117 855.28
981.841 86.0968 944.973 104.066
435.041 415.477 445.401 411.263
435.041 415.477 407.774 392.126
435.041 415.477 371.983 434.748
435.041 415.477 391.221 456.144
435.041 415.477 433.528 471.124
67.7801 412.747 46.5315 401.013
67.7801 412.747 32.6151 414.012
168.747 102.779 193.534 134.767
168.747 102.779 190.184 94.3472
372.917 479.133 367.897 535.801
372.917 479.133 384.424 475.561
743.173 95.5345 749.011 78.6735
743.173 95.5345 770.907 124.784
200.435 565.009 196.592 565.424
760.728 969.913 844.718 966.1
842.215 241.257 877.922 195.122
842.215 241.257 828.92 174.034
842.215 241.257 847.626 257.118
842.215 241.257 887.378 209.562
598.977 691.114 597.429 711.547
598.977 691.114 618.844 658.409
445.401 411.263 434.171 362.2
951.368 875.285 926.929 893.309
397.6 759.745 362.222 762.287
397.6 759.745 401.667 801.676
612.975 378.637 654.765 363.386
612.975 378.637 599.895 384.041
612.975 378.637 613.535 395.15
835.862 120.582 839.281 88.8274
835.862 120.582 796.694 112.911
592.041 796.219 568.326 813.922
592.041 796.219 605.815 772.992
26.5795 926.208 50.0615 926.03
26.5795 926.208 31.3606 947.352
226.064 670.935 233.235 687.751
328.715 154.789 322.029 110.326
328.715 154.789 291.183 111.88
328.715 154.789 308.787 181.223
328.715 154.789 340.646 178.128
877.922 195.122 887.378 209.562
877.922 195.122 889.567 197.224
877.922 195.122 887.178 183.682
877.922 195.122 856.9 158.027
877.922 195.122 828.92 174.034
523.385 879.681 577.625 862.668
523.385 879.681 522.647 876.5
523.385 879.681 510.783 898.214
900.029 119.733 886.376 130.207
605.815 772.992 610.186 742.855
605.815 772.992 631.083 779.787
395.128 987.927 414.255 968.558
522.647 876.5 510.783 898.214
522.647 876.5 577.625 862.668
599.895 384.041 580.24 420.262
599.895 384.041 613.535 395.15
580.24 420.262 530.597 405.874
523.973 79.6148 531.117 120.579
523.973 79.6148 551.787 114.256
152.803 533.952 172.351 529.357
674.662 86.4284 630.31 91.9273
674.662 86.4284 680.679 112.922
9.9112 490.013 62.6942 487.118
536.177 961.205 494.797 924.813
536.177 961.205 529.665 984.356
536.177 961.205 558.936 938.684
32.6151 414.012 46.5315 401.013
32.6151 414.012 6.6237 391.021
820.219 323.596 830.762 288.305
475.769 931.606 494.797 924.813
475.769 931.606 494.315 903.195
475.769 931.606 461.86 910.757
475.769 931.606 422.373 933.984
50.0615 926.03 93.424 877.14
50.0615 926.03 58.1362 865.578
50.0615 926.03 31.3606 947.352
308.787 181.223 340.646 178.128
878.212 449.715 866.088 481.949
878.212 449.715 896.978 457.663
145.815 193.279 174.28 196.515
568.326 813.922 577.625 862.668
153.011 654.075 144.803 644.14
153.011 654.075 195.242 616.899
724.27 328.297 735.482 352.005
724.27 328.297 726.233 329.025
897.666 225.789 895.12 238.971
897.666 225.789 887.378 209.562
747.657 870.194 743.12 862.773
747.657 870.194 693.26 913.151
747.657 870.194 756.227 883.759
422.373 933.984 386.556 926.771
422.373 933.984 414.255 968.558
818.699 907.865 826.287 881.86
818.699 907.865 829.354 925.269
26.6783 789.189 23.5788 764.101
26.6783 789.189 23.5105 790.531
26.6783 789.189 36.4725 796.94
26.6783 789.189 59.6803 790.337
889.567 197.224 887.378 209.562
889.567 197.224 887.178 183.682
942.165 621.27 933.872 549.002
391.221 456.144 371.983 434.748
391.221 456.144 362.423 452.635
391.221 456.144 384.424 475.561
983.425 501.583 984.854 518.622
350.77 172.661 340.646 178.128
350.77 172.661 366.131 175.696
654.765 363.386 623.438 334.307
983.942 944.61 969.769 910.423
983.942 944.61 977.5 949.039
173.012 715.41 141.851 728.683
801.827 168.825 774.275 241.957
801.827 168.825 812.063 253.72
801.827 168.825 828.92 174.034
39.5298 637.894 79.6738 667.009
39.5298 637.894 81.7268 596.739
39.5298 637.894 32.7242 580.159
682.373 38.0821 729.667 12.7065
362.423 452.635 371.983 434.748
362.423 452.635 353.865 418.713
362.423 452.635 332.973 436.795
645.73 128.692 680.679 112.922
645.73 128.692 646.833 150.221
636.236 8.9428 646.64 8.72176
664.47 586.375 626.554 588.624
132.332 564.88 116.693 570.662
407.774 392.126 380.52 358.341
407.774 392.126 353.865 418.713
407.774 392.126 371.983 434.748
735.482 352.005 777.404 342.668
735.482 352.005 726.233 329.025
735.482 352.005 755.591 402.293
81.7268 596.739 95.5239 596.701
81.7268 596.739 32.7242 580.159
680.679 112.922 646.833 150.221
985.148 149.823 955.131 146.601
985.148 149.823 969.659 186.952
814.552 789.998 850.994 722.9
814.552 789.998 780.266 802.538
693.26 913.151 756.227 883.759
888.768 980.618 844.718 966.1
888.768 980.618 928.502 996.981
888.768 980.618 914.209 937.305
234.02 28.9439 197.241 52.1132
234.02 28.9439 234.802 27.837
472.819 173.467 483.99 149.985
692.544 989.845 734.884 992.94
692.544 989.845 706.755 970.018
778.658 696.321 760.122 675.721
288.903 338.962 282.901 366.429
288.903 338.962 323.702 338.448
288.903 338.962 304.077 319.413
315.97 25.2866 369.807 7.99189
315.97 25.2866 283.661 11.8904
315.97 25.2866 309.239 46.8803
315.97 25.2866 314.816 58.4103
483.99 149.985 488.291 130.414
234.802 27.837 283.661 11.8904
74.2632 252.861 102.208 268.122
74.2632 252.861 72.3445 236.329
434.171 362.2 406.231 362.356
648.955 484.969 627.068 496.213
314.605 633.369 324.734 597.495
959.601 995.102 928.502 996.981
959.601 995.102 977.5 949.039
932.487 123.448 955.131 146.601
932.487 123.448 926.669 135.417
977.5 949.039 969.769 910.423
977.5 949.039 938.138 938.902
977.5 949.039 940.73 948.078
381.568 316.881 380.52 358.341
381.568 316.881 406.231 362.356
381.568 316.881 349.868 315.391
555.177 524.528 531.881 537.86
555.177 524.528 580.605 557.19
759.572 703.693 741.192 721.13
887.378 209.562 895.12 238.971
494.315 903.195 461.86 910.757
494.315 903.195 494.797 924.813
889.855 726.314 874.257 658.697
889.855 726.314 863.438 720.596
406.231 362.356 380.52 358.341
59.1696 797.456 59.6803 790.337
59.1696 797.456 36.4725 796.94
932.959 280.642 972.691 261.916
384.086 189.468 378.005 202.322
384.086 189.468 366.131 175.696
551.787 114.256 531.117 120.579
466.688 525.806 477.515 546.141
856.9 158.027 887.178 183.682
856.9 158.027 828.92 174.034
58.1362 865.578 93.424 877.14
905.732 388.18 917.31 388.473
626.554 588.624 611.474 572.104
731.296 175.927 774.275 241.957
874.257 658.697 863.438 720.596
352.093 241.124 349.868 315.391
304.077 319.413 323.702 338.448
896.978 457.663 866.088 481.949
896.978 457.663 895.101 483.526
610.186 742.855 597.429 711.547
912.118 29.2075 928.011 33.0227
912.118 29.2075 937.181 21.7974
912.118 29.2075 933.965 3.07449
720.639 594.351 709.292 531.362
143.779 610.499 143.418 588.424
362.222 762.287 313.009 784.493
362.222 762.287 401.667 801.676
743.12 862.773 766.157 859.881
743.12 862.773 733.117 855.28
322.029 110.326 291.183 111.88
371.983 434.748 353.865 418.713
337.798 423.197 353.865 418.713
337.798 423.197 332.973 436.795
579.438 242.344 566.177 265.301
766.157 859.881 780.266 802.538
766.157 859.881 733.117 855.28
766.157 859.881 790.716 838.899
937.181 21.7974 928.011 33.0227
937.181 21.7974 962.903 23.0392
937.181 21.7974 933.965 3.07449
777.404 342.668 726.233 329.025
777.404 342.668 755.591 402.293
777.404 342.668 780.591 397.055
679.913 671.494 725.459 706.294
378.005 202.322 366.131 175.696
62.6942 487.118 72.387 496.088
62.6942 487.118 71.7927 481.251
796.694 112.911 770.907 124.784
968.129 769.486 929.759 757.41
302.081 971.673 299.676 957.989
15.2502 845.904 24.8599 870.014
15.2502 845.904 5.01126 829.004
488.291 130.414 531.117 120.579
41.3332 739.203 23.5788 764.101
41.3332 739.203 59.6803 790.337
218.951 102.079 197.241 52.1132
218.951 102.079 190.184 94.3472
332.973 436.795 353.865 418.713
780.266 802.538 790.716 838.899
566.177 265.301 510.558 285.467
566.177 265.301 540.357 246.388
33.5919 696.351 10.4968 663.793
540.357 246.388 510.558 285.467
510.783 898.214 494.797 924.813
709.292 531.362 720.924 521.519
46.5315 401.013 6.6237 391.021
830.762 288.305 847.626 257.118
168.832 922.295 160.446 939.342
756.227 883.759 771.115 893.512
928.011 33.0227 962.903 23.0392
313.009 784.493 301.248 774.82
314.816 58.4103 369.807 7.99189
314.816 58.4103 309.239 46.8803
577.625 862.668 617.285 874.467
531.881 537.86 477.515 546.141
829.354 925.269 844.718 966.1
384.424 475.561 421.835 477.691
51.3645 126.902 29.7784 146.656
10.4968 663.793 5.01126 829.004
10.4968 663.793 9.83034 790.559
10.4968 663.793 23.5788 764.101
190.184 94.3472 193.534 134.767
190.184 94.3472 197.241 52.1132
227.36 172.983 227.4 223.82
733.234 501.374 720.924 521.519
733.234 501.374 760.198 526.664
71.7927 481.251 72.387 496.088
990.307 265.653 988.87 291.683
990.307 265.653 972.691 261.916
271.588 537.366 265.402 539.877
866.088 481.949 895.101 483.526
346.267 158.563 380.729 153.509
353.865 418.713 380.52 358.341
334.98 899.277 288.388 891.92
334.98 899.277 275.899 918.963
334.98 899.277 299.676 957.989
558.936 938.684 612.415 972.279
558.936 938.684 587.649 904.372
558.936 938.684 494.797 924.813
760.198 526.664 720.924 521.519
988.87 291.683 984.015 324.589
988.87 291.683 989.547 379.303
23.5105 790.531 36.4725 796.94
23.5105 790.531 9.83034 790.559
23.5105 790.531 5.01126 829.004
5.01126 829.004 36.4725 796.94
5.01126 829.004 9.83034 790.559
904.394 481.193 895.101 483.526
904.394 481.193 905.79 538.07
367.897 535.801 402.029 537.897
755.591 402.293 780.591 397.055
283.661 11.8904 369.807 7.99189
461.86 910.757 464.164 854.465
386.556 926.771 414.255 968.558
612.415 972.279 587.649 904.372
770.907 124.784 765.404 154.34
938.138 938.902 914.209 937.305
938.138 938.902 940.73 948.078
938.138 938.902 969.769 910.423
182.192 249.88 227.4 223.82
182.192 249.88 184.624 225.4
774.43 731.606 741.192 721.13
433.528 471.124 421.835 477.691
23.5788 764.101 9.83034 790.559
23.5788 764.101 59.6803 790.337
580.605 557.19 611.474 572.104
926.669 135.417 955.131 146.601
195.242 616.899 144.803 644.14
110.974 282.355 102.208 268.122
275.899 918.963 288.388 891.92
184.624 225.4 227.4 223.82
184.624 225.4 174.28 196.515
116.693 570.662 95.5239 596.701
617.285 874.467 587.649 904.372
631.083 779.787 629.828 798.473
966.513 193.978 969.659 186.952
966.513 193.978 972.691 261.916
966.513 193.978 990.544 204.645
940.73 948.078 914.209 937.305
990.544 204.645 972.691 261.916
990.544 204.645 969.659 186.952
984.854 518.622 933.872 549.002
32.7242 580.159 8.58379 572.751
850.994 722.9 863.438 720.596
349.868 315.391 323.702 338.448
453.681 641.852 464.917 656.575
195.306 954.32 163.605 950.982
160.446 939.342 163.605 950.982
211.125 808.183 181.66 781.625
725.459 706.294 731.235 728.701
725.459 706.294 741.192 721.13
984.015 324.589 989.547 379.303
905.79 538.07 895.101 483.526
905.79 538.07 933.872 549.002
36.4725 796.94 59.6803 790.337
309.239 46.8803 265.577 60.662
483.765 273.476 510.558 285.467
483.765 273.476 447.517 259.263
731.235 728.701 741.192 721.13
812.063 253.72 774.275 241.957
