280
414.293 274.588 371.91 280.289
414.293 274.588 370.226 430.848
414.293 274.588 522.808 343.818
414.293 274.588 514.435 289.316
414.293 274.588 424.336 259.014
239.911 709.82 387.725 681.346
239.911 709.82 318.778 598.217
239.911 709.82 213.547 629.572
239.911 709.82 125.933 614.126
239.911 709.82 53.6944 721.872
239.911 709.82 55.2788 775.88
239.911 709.82 250.155 769.437
239.911 709.82 282.156 783.865
652.059 317.54 908.922 215.248
652.059 317.54 833.682 150.312
652.059 317.54 652.622 221.667
652.059 317.54 546.975 209.562
652.059 317.54 514.435 289.316
652.059 317.54 522.808 343.818
652.059 317.54 564.899 408.767
652.059 317.54 665.503 451.851
652.059 317.54 751.71 436.638
652.059 317.54 806.65 439.726
387.725 681.346 318.778 598.217
387.725 681.346 282.156 783.865
387.725 681.346 417.724 727.335
387.725 681.346 536.267 738.959
387.725 681.346 588.119 528.548
387.725 681.346 519.988 477.804
387.725 681.346 331.175 577.776
845.576 147.533 860.226 161.688
845.576 147.533 989.362 139.195
845.576 147.533 983.236 11.3162
845.576 147.533 706.95 22.0837
845.576 147.533 833.682 150.312
148.152 955.409 80.3531 973.346
148.152 955.409 505.956 860.86
148.152 955.409 455.752 843.975
148.152 955.409 398.144 819.726
148.152 955.409 282.156 783.865
148.152 955.409 142.021 901.673
564.899 408.767 514.659 446.023
564.899 408.767 519.988 477.804
564.899 408.767 588.119 528.548
564.899 408.767 661.355 460.434
564.899 408.767 665.503 451.851
564.899 408.767 522.808 343.818
961.095 488.515 931.674 452.3
961.095 488.515 824.697 632.739
961.095 488.515 949.157 661.994
961.095 488.515 954.415 702.207
961.095 488.515 947.545 388.823
629.269 199.757 652.622 221.667
629.269 199.757 706.95 22.0837
629.269 199.757 642.979 14.9506
629.269 199.757 526.123 117.437
629.269 199.757 546.975 209.562
803.073 651.254 836.42 680.562
803.073 651.254 824.697 632.739
803.073 651.254 794.77 634.717
803.073 651.254 753.863 695.679
803.073 651.254 836.207 687.414
203.25 476.432 233.691 371.466
203.25 476.432 103.797 310.169
203.25 476.432 65.1939 524.987
203.25 476.432 215.826 544.023
203.25 476.432 316.007 556.836
203.25 476.432 370.226 430.848
142.021 901.673 282.156 783.865
142.021 901.673 250.155 769.437
142.021 901.673 81.7376 828.708
142.021 901.673 80.3531 973.346
885.648 410.313 876.566 414.028
885.648 410.313 931.674 452.3
885.648 410.313 947.545 388.823
885.648 410.313 908.922 215.248
365.339 162.199 455.307 135.109
365.339 162.199 489.652 29.3555
365.339 162.199 253.922 78.2632
365.339 162.199 297.022 160.274
365.339 162.199 284.035 269.215
365.339 162.199 371.91 280.289
365.339 162.199 424.336 259.014
365.339 162.199 431.908 175.974
455.307 135.109 526.123 117.437
455.307 135.109 489.652 29.3555
455.307 135.109 431.908 175.974
455.307 135.109 546.975 209.562
931.674 452.3 947.545 388.823
931.674 452.3 876.566 414.028
931.674 452.3 806.65 439.726
931.674 452.3 824.697 632.739
908.922 215.248 989.362 139.195
908.922 215.248 860.226 161.688
908.922 215.248 833.682 150.312
908.922 215.248 806.65 439.726
908.922 215.248 876.566 414.028
908.922 215.248 947.545 388.823
505.956 860.86 462.245 817.561
505.956 860.86 455.752 843.975
505.956 860.86 746.679 903.301
505.956 860.86 633.43 752.94
505.956 860.86 536.267 738.959
462.245 817.561 398.144 819.726
462.245 817.561 455.752 843.975
462.245 817.561 536.267 738.959
462.245 817.561 417.724 727.335
824.697 632.739 949.157 661.994
824.697 632.739 806.65 439.726
824.697 632.739 794.77 634.717
824.697 632.739 836.42 680.562
954.415 702.207 890.019 916.634
954.415 702.207 970.087 917.848
954.415 702.207 949.157 661.994
954.415 702.207 836.207 687.414
514.435 289.316 546.975 209.562
514.435 289.316 424.336 259.014
514.435 289.316 522.808 343.818
876.566 414.028 806.65 439.726
715.642 729.748 753.863 695.679
715.642 729.748 728.608 676.237
715.642 729.748 633.43 752.94
715.642 729.748 749.252 769.114
19.0924 706.535 0.878999 616.35
19.0924 706.535 1.65742 986.883
19.0924 706.535 55.2788 775.88
19.0924 706.535 53.6944 721.872
19.0924 706.535 36.3676 681.666
65.1939 524.987 103.797 310.169
65.1939 524.987 0.878999 616.35
65.1939 524.987 17.9445 621.046
65.1939 524.987 125.933 614.126
65.1939 524.987 150.394 605.64
65.1939 524.987 215.826 544.023
682.049 488.943 588.119 528.548
682.049 488.943 702.989 587.989
682.049 488.943 751.71 436.638
682.049 488.943 665.503 451.851
682.049 488.943 661.355 460.434
890.019 916.634 940.163 944.753
890.019 916.634 970.087 917.848
890.019 916.634 836.207 687.414
890.019 916.634 749.252 769.114
890.019 916.634 760.617 897.914
890.019 916.634 838.102 954.028
989.362 139.195 983.236 11.3162
989.362 139.195 860.226 161.688
989.362 139.195 947.545 388.823
514.659 446.023 522.808 343.818
514.659 446.023 387.831 446.866
514.659 446.023 519.988 477.804
806.65 439.726 751.71 436.638
806.65 439.726 702.989 587.989
806.65 439.726 794.77 634.717
153.604 211.519 284.035 269.215
153.604 211.519 297.022 160.274
153.604 211.519 157.731 176.88
153.604 211.519 101.637 257.169
153.604 211.519 103.797 310.169
153.604 211.519 233.691 371.466
0.878999 616.35 1.65742 986.883
0.878999 616.35 36.3676 681.666
0.878999 616.35 17.9445 621.046
0.878999 616.35 103.797 310.169
0.878999 616.35 101.637 257.169
417.724 727.335 282.156 783.865
417.724 727.335 398.144 819.726
417.724 727.335 536.267 738.959
836.42 680.562 949.157 661.994
836.42 680.562 836.207 687.414
81.7376 828.708 250.155 769.437
81.7376 828.708 55.2788 775.88
81.7376 828.708 1.65742 986.883
81.7376 828.708 80.3531 973.346
213.547 629.572 150.394 605.64
213.547 629.572 125.933 614.126
213.547 629.572 318.778 598.217
213.547 629.572 215.826 544.023
284.035 269.215 297.022 160.274
284.035 269.215 233.691 371.466
284.035 269.215 371.91 280.289
282.156 783.865 398.144 819.726
282.156 783.865 250.155 769.437
983.236 11.3162 518.478 6.34169
983.236 11.3162 642.979 14.9506
983.236 11.3162 706.95 22.0837
398.144 819.726 455.752 843.975
157.731 176.88 159.758 165.928
157.731 176.88 101.637 257.169
157.731 176.88 297.022 160.274
101.637 257.169 103.797 310.169
101.637 257.169 159.758 165.928
101.637 257.169 79.9169 4.25392
794.77 634.717 702.989 587.989
794.77 634.717 709.32 626.861
794.77 634.717 728.608 676.237
794.77 634.717 753.863 695.679
633.43 752.94 746.679 903.301
633.43 752.94 749.252 769.114
633.43 752.94 728.608 676.237
633.43 752.94 709.32 626.861
633.43 752.94 536.267 738.959
318.778 598.217 331.175 577.776
318.778 598.217 316.007 556.836
318.778 598.217 215.826 544.023
526.123 117.437 546.975 209.562
526.123 117.437 642.979 14.9506
526.123 117.437 518.478 6.34169
526.123 117.437 489.652 29.3555
702.989 587.989 751.71 436.638
702.989 587.989 588.119 528.548
702.989 587.989 709.32 626.861
860.226 161.688 833.682 150.312
316.007 556.836 387.831 446.866
316.007 556.836 370.226 430.848
316.007 556.836 215.826 544.023
316.007 556.836 331.175 577.776
588.119 528.548 536.267 738.959
588.119 528.548 709.32 626.861
588.119 528.548 661.355 460.434
588.119 528.548 519.988 477.804
370.226 430.848 371.91 280.289
370.226 430.848 233.691 371.466
370.226 430.848 387.831 446.866
370.226 430.848 522.808 343.818
387.831 446.866 331.175 577.776
387.831 446.866 519.988 477.804
387.831 446.866 522.808 343.818
253.922 78.2632 518.478 6.34169
253.922 78.2632 79.9169 4.25392
253.922 78.2632 188.276 122.507
253.922 78.2632 297.022 160.274
253.922 78.2632 489.652 29.3555
728.608 676.237 753.863 695.679
728.608 676.237 709.32 626.861
940.163 944.753 970.087 917.848
940.163 944.753 838.102 954.028
661.355 460.434 665.503 451.851
150.394 605.64 125.933 614.126
150.394 605.64 215.826 544.023
642.979 14.9506 518.478 6.34169
642.979 14.9506 706.95 22.0837
706.95 22.0837 652.622 221.667
706.95 22.0837 833.682 150.312
751.71 436.638 665.503 451.851
753.863 695.679 749.252 769.114
753.863 695.679 836.207 687.414
79.9169 4.25392 518.478 6.34169
79.9169 4.25392 159.758 165.928
79.9169 4.25392 188.276 122.507
746.679 903.301 760.617 897.914
746.679 903.301 749.252 769.114
746.679 903.301 838.102 954.028
518.478 6.34169 489.652 29.3555
709.32 626.861 536.267 738.959
371.91 280.289 233.691 371.466
371.91 280.289 424.336 259.014
103.797 310.169 233.691 371.466
55.2788 775.88 250.155 769.437
55.2788 775.88 53.6944 721.872
55.2788 775.88 1.65742 986.883
297.022 160.274 188.276 122.507
297.022 160.274 159.758 165.928
519.988 477.804 331.175 577.776
833.682 150.312 652.622 221.667
1.65742 986.883 80.3531 973.346
188.276 122.507 159.758 165.928
125.933 614.126 17.9445 621.046
125.933 614.126 36.3676 681.666
125.933 614.126 53.6944 721.872
838.102 954.028 760.617 897.914
424.336 259.014 546.975 209.562
424.336 259.014 431.908 175.974
760.617 897.914 749.252 769.114
546.975 209.562 431.908 175.974
546.975 209.562 652.622 221.667
836.207 687.414 949.157 661.994
836.207 687.414 749.252 769.114
36.3676 681.666 53.6944 721.872
36.3676 681.666 17.9445 621.046
