279
65.3563 519.175 96.5383 343.613
65.3563 519.175 31.4038 170.796
65.3563 519.175 26.3397 586.016
65.3563 519.175 148.787 600.133
65.3563 519.175 161.419 519.337
329.056 977.18 402.74 995.401
329.056 977.18 362.084 935.242
329.056 977.18 254.957 939.725
329.056 977.18 198.08 963.16
171.379 743.274 148.39 867.514
171.379 743.274 189.549 880.784
171.379 743.274 276.647 710.45
171.379 743.274 186.825 664.689
171.379 743.274 72.869 718.919
171.379 743.274 77.3243 762.344
171.379 743.274 73.511 794.278
254.957 939.725 198.08 963.16
254.957 939.725 362.084 935.242
254.957 939.725 374.249 819.527
254.957 939.725 357.672 799.035
254.957 939.725 189.549 880.784
160.083 123.849 107.181 35.0595
160.083 123.849 99.8656 107.739
160.083 123.849 149.251 159.58
160.083 123.849 221.656 140.71
368.562 105.185 408.177 80.322
368.562 105.185 107.181 35.0595
368.562 105.185 221.656 140.71
368.562 105.185 345.872 191.984
368.562 105.185 469.498 232.608
576.776 327.228 631.763 329.434
576.776 327.228 597.476 235.403
576.776 327.228 530.49 280.104
576.776 327.228 536.528 329.579
576.776 327.228 573.183 330.758
699.791 758.246 572.807 815.407
699.791 758.246 601.638 831.256
699.791 758.246 634.619 833.648
699.791 758.246 711.564 863.643
699.791 758.246 769.36 813.047
699.791 758.246 698.46 674.525
699.791 758.246 571.583 667.965
362.084 935.242 402.74 995.401
362.084 935.242 430.446 925.503
362.084 935.242 374.249 819.527
240.44 455.072 289.766 421.579
240.44 455.072 144.897 334.307
240.44 455.072 161.419 519.337
240.44 455.072 220.516 519.303
240.44 455.072 264.133 516.531
289.766 421.579 264.133 516.531
289.766 421.579 277.198 522.215
289.766 421.579 368.203 585.675
289.766 421.579 424.134 380.608
289.766 421.579 378.366 261.779
289.766 421.579 144.897 334.307
527.439 216.386 469.498 232.608
527.439 216.386 530.49 280.104
527.439 216.386 597.476 235.403
527.439 216.386 575.679 196.307
527.439 216.386 477.641 76.8218
711.564 863.643 821.177 920.252
711.564 863.643 769.36 813.047
711.564 863.643 634.619 833.648
711.564 863.643 579.863 939.871
459.763 382.822 502.275 441.313
459.763 382.822 536.528 329.579
459.763 382.822 530.49 280.104
459.763 382.822 469.498 232.608
459.763 382.822 424.134 380.608
3.22878 795.353 77.3243 762.344
3.22878 795.353 72.869 718.919
3.22878 795.353 60.1425 651.295
3.22878 795.353 26.3397 586.016
3.22878 795.353 34.2431 977.238
3.22878 795.353 89.8531 879.06
3.22878 795.353 73.511 794.278
186.825 664.689 60.1425 651.295
186.825 664.689 72.869 718.919
186.825 664.689 276.647 710.45
186.825 664.689 314.699 666.856
186.825 664.689 277.198 522.215
186.825 664.689 220.516 519.303
186.825 664.689 148.787 600.133
946.045 134.039 856.876 22.405
946.045 134.039 767.065 41.4204
946.045 134.039 899.521 230.27
946.045 134.039 974.348 202.482
347.492 606.001 314.699 666.856
347.492 606.001 362.4 681.199
347.492 606.001 368.203 585.675
347.492 606.001 277.198 522.215
834.338 509.658 811.895 586.862
834.338 509.658 920.83 602.249
834.338 509.658 966.91 403.581
834.338 509.658 804.912 491.841
631.763 329.434 573.183 330.758
631.763 329.434 674.693 416.796
631.763 329.434 687.578 377.485
631.763 329.434 757.621 344.576
631.763 329.434 597.476 235.403
767.065 41.4204 856.876 22.405
767.065 41.4204 591.588 31.6388
767.065 41.4204 706.461 88.9927
767.065 41.4204 702.471 122.95
767.065 41.4204 899.521 230.27
220.516 519.303 161.419 519.337
220.516 519.303 148.787 600.133
220.516 519.303 277.198 522.215
220.516 519.303 264.133 516.531
706.461 88.9927 702.471 122.95
706.461 88.9927 591.588 31.6388
378.366 261.779 469.498 232.608
378.366 261.779 345.872 191.984
378.366 261.779 144.897 334.307
378.366 261.779 424.134 380.608
469.498 232.608 424.134 380.608
469.498 232.608 530.49 280.104
469.498 232.608 477.641 76.8218
469.498 232.608 408.177 80.322
469.498 232.608 345.872 191.984
34.2431 977.238 198.08 963.16
34.2431 977.238 155.414 945.25
34.2431 977.238 146.196 932.843
34.2431 977.238 89.8531 879.06
591.588 31.6388 856.876 22.405
591.588 31.6388 522.063 31.6565
591.588 31.6388 477.641 76.8218
591.588 31.6388 575.679 196.307
591.588 31.6388 702.471 122.95
536.528 329.579 530.49 280.104
536.528 329.579 502.275 441.313
536.528 329.579 573.183 330.758
966.91 403.581 975.881 238.019
966.91 403.581 899.521 230.27
966.91 403.581 757.621 344.576
966.91 403.581 804.912 491.841
966.91 403.581 920.83 602.249
966.91 403.581 931.915 639.523
966.91 403.581 935.936 651.515
148.39 867.514 73.511 794.278
148.39 867.514 89.8531 879.06
148.39 867.514 146.196 932.843
148.39 867.514 189.549 880.784
931.915 639.523 920.83 602.249
931.915 639.523 811.895 586.862
931.915 639.523 935.936 651.515
572.807 815.407 486.471 896.524
572.807 815.407 579.863 939.871
572.807 815.407 601.638 831.256
572.807 815.407 571.583 667.965
572.807 815.407 548.736 667.049
572.807 815.407 486.681 772.03
155.414 945.25 198.08 963.16
155.414 945.25 189.549 880.784
155.414 945.25 146.196 932.843
96.5383 343.613 161.419 519.337
96.5383 343.613 144.897 334.307
96.5383 343.613 149.251 159.58
96.5383 343.613 31.4038 170.796
856.876 22.405 107.181 35.0595
856.876 22.405 522.063 31.6565
698.46 674.525 571.583 667.965
698.46 674.525 769.36 813.047
698.46 674.525 811.895 586.862
698.46 674.525 611.111 551.829
345.872 191.984 221.656 140.71
345.872 191.984 144.897 334.307
221.656 140.71 107.181 35.0595
221.656 140.71 149.251 159.58
221.656 140.71 144.897 334.307
26.3397 586.016 60.1425 651.295
26.3397 586.016 148.787 600.133
26.3397 586.016 31.4038 170.796
77.3243 762.344 72.869 718.919
77.3243 762.344 73.511 794.278
430.446 925.503 402.74 995.401
430.446 925.503 579.863 939.871
430.446 925.503 486.471 896.524
430.446 925.503 374.249 819.527
601.638 831.256 579.863 939.871
601.638 831.256 634.619 833.648
161.419 519.337 148.787 600.133
161.419 519.337 144.897 334.307
531.427 574.36 486.85 696.996
531.427 574.36 548.736 667.049
531.427 574.36 571.583 667.965
531.427 574.36 611.111 551.829
531.427 574.36 499.657 483.873
531.427 574.36 368.203 585.675
548.736 667.049 486.85 696.996
548.736 667.049 486.681 772.03
548.736 667.049 571.583 667.965
571.583 667.965 611.111 551.829
502.275 441.313 646.495 479.779
502.275 441.313 573.183 330.758
502.275 441.313 424.134 380.608
502.275 441.313 499.657 483.873
522.063 31.6565 477.641 76.8218
522.063 31.6565 107.181 35.0595
522.063 31.6565 408.177 80.322
107.181 35.0595 31.4038 170.796
107.181 35.0595 99.8656 107.739
107.181 35.0595 408.177 80.322
611.111 551.829 811.895 586.862
611.111 551.829 646.495 479.779
611.111 551.829 499.657 483.873
486.681 772.03 486.471 896.524
486.681 772.03 486.85 696.996
486.681 772.03 362.4 681.199
486.681 772.03 357.672 799.035
486.681 772.03 374.249 819.527
486.85 696.996 368.203 585.675
486.85 696.996 362.4 681.199
276.647 710.45 189.549 880.784
276.647 710.45 357.672 799.035
276.647 710.45 362.4 681.199
276.647 710.45 314.699 666.856
530.49 280.104 597.476 235.403
597.476 235.403 757.621 344.576
597.476 235.403 702.471 122.95
597.476 235.403 575.679 196.307
821.177 920.252 579.863 939.871
821.177 920.252 901.218 897.657
821.177 920.252 769.36 813.047
899.521 230.27 757.621 344.576
899.521 230.27 975.881 238.019
899.521 230.27 974.348 202.482
899.521 230.27 702.471 122.95
935.936 651.515 811.895 586.862
935.936 651.515 769.36 813.047
935.936 651.515 952.431 858.766
952.431 858.766 769.36 813.047
952.431 858.766 901.218 897.657
702.471 122.95 575.679 196.307
702.471 122.95 757.621 344.576
99.8656 107.739 149.251 159.58
99.8656 107.739 31.4038 170.796
757.621 344.576 687.578 377.485
757.621 344.576 674.693 416.796
757.621 344.576 804.912 491.841
573.183 330.758 646.495 479.779
573.183 330.758 674.693 416.796
974.348 202.482 975.881 238.019
804.912 491.841 674.693 416.796
804.912 491.841 646.495 479.779
804.912 491.841 811.895 586.862
149.251 159.58 31.4038 170.796
149.251 159.58 144.897 334.307
424.134 380.608 368.203 585.675
424.134 380.608 499.657 483.873
60.1425 651.295 72.869 718.919
60.1425 651.295 148.787 600.133
901.218 897.657 769.36 813.047
277.198 522.215 264.133 516.531
277.198 522.215 314.699 666.856
277.198 522.215 368.203 585.675
811.895 586.862 769.36 813.047
811.895 586.862 920.83 602.249
811.895 586.862 646.495 479.779
579.863 939.871 634.619 833.648
579.863 939.871 486.471 896.524
579.863 939.871 402.74 995.401
189.549 880.784 146.196 932.843
189.549 880.784 198.08 963.16
189.549 880.784 357.672 799.035
89.8531 879.06 73.511 794.278
89.8531 879.06 146.196 932.843
674.693 416.796 646.495 479.779
674.693 416.796 687.578 377.485
486.471 896.524 374.249 819.527
477.641 76.8218 575.679 196.307
477.641 76.8218 408.177 80.322
362.4 681.199 357.672 799.035
362.4 681.199 368.203 585.675
362.4 681.199 314.699 666.856
499.657 483.873 368.203 585.675
499.657 483.873 646.495 479.779
374.249 819.527 357.672 799.035
