20
688.455 125.365 130.427 212.752
688.455 125.365 178.328 467.917
688.455 125.365 748.293 498.48
688.455 125.365 845.982 513.274
725.412 629.543 842.04 890.737
725.412 629.543 845.982 513.274
725.412 629.543 748.293 498.48
725.412 629.543 178.328 467.917
725.412 629.543 415.395 841.511
306.322 888.572 178.328 467.917
306.322 888.572 33.0538 571.655
306.322 888.572 415.395 841.511
845.982 513.274 748.293 498.48
845.982 513.274 842.04 890.737
415.395 841.511 842.04 890.737
415.395 841.511 178.328 467.917
178.328 467.917 748.293 498.48
178.328 467.917 130.427 212.752
178.328 467.917 33.0538 571.655
33.0538 571.655 130.427 212.752
