2963
608.02 513.759 585.182 474.775
608.02 513.759 596.62 515.791
608.02 513.759 598.839 533.905
608.02 513.759 612.364 543.225
608.02 513.759 629.726 525.929
608.02 513.759 626.58 509.509
146.671 798.45 174.703 762.672
146.671 798.45 142.941 795.447
146.671 798.45 149.01 801.883
571.627 523.785 596.62 515.791
571.627 523.785 568.99 476.02
571.627 523.785 552.303 482.806
571.627 523.785 532.563 486.288
571.627 523.785 514.985 520.599
571.627 523.785 571.228 539.494
571.627 523.785 587.103 524.389
844.641 678.709 882.35 652.046
844.641 678.709 830.622 629.886
844.641 678.709 819.205 667.104
844.641 678.709 813.381 699.477
844.641 678.709 870.376 703.332
844.641 678.709 878.379 701.563
744.075 332.073 755.422 362.681
744.075 332.073 761.727 320.691
744.075 332.073 700.235 304.14
744.075 332.073 693.228 351.769
744.075 332.073 725.349 366.313
555.453 402.784 566.197 422.6
555.453 402.784 595.741 408.52
555.453 402.784 574.331 368.784
555.453 402.784 543.398 385.636
555.453 402.784 526.96 418.488
613.926 614.501 636.671 623.359
613.926 614.501 667.623 562.306
613.926 614.501 600.488 561.07
613.926 614.501 588.188 586.391
613.926 614.501 567.751 607.855
613.926 614.501 586.794 645.802
613.926 614.501 630.51 641.683
343.489 39.6633 375.437 32.3388
343.489 39.6633 353.425 6.61062
343.489 39.6633 327.499 16.7438
343.489 39.6633 293.181 35.0208
343.489 39.6633 303.003 69.0816
343.489 39.6633 362.883 61.1399
343.489 39.6633 370.312 54.4383
423.845 171.394 395.336 204.333
423.845 171.394 416.761 221.052
423.845 171.394 454.107 197.273
423.845 171.394 455.199 154.232
423.845 171.394 434.212 153.99
423.845 171.394 409.058 162.428
365.644 730.373 367.02 688.851
365.644 730.373 345.189 725.622
365.644 730.373 345.89 743.142
365.644 730.373 383.241 772.449
365.644 730.373 385.437 736.347
365.644 730.373 406.977 718.541
418.166 86.6058 380.451 81.4141
418.166 86.6058 411.628 104.518
418.166 86.6058 439.634 103.751
418.166 86.6058 445.121 93.6437
418.166 86.6058 411.825 63.2955
563.984 325.262 574.331 368.784
563.984 325.262 607.659 309.982
563.984 325.262 578.984 267.695
563.984 325.262 543.716 284.482
563.984 325.262 543.5 344.74
60.2413 531.86 75.7743 561.559
60.2413 531.86 79.5681 538.658
60.2413 531.86 70.2451 513.12
60.2413 531.86 16.9739 511.728
60.2413 531.86 44.3746 538.491
549.515 110.132 561.133 109.083
549.515 110.132 566.128 87.9195
549.515 110.132 535.025 59.0107
549.515 110.132 500.956 66.4659
549.515 110.132 491.754 142.902
549.515 110.132 553.569 166.352
59.347 127.237 51.1765 117.474
59.347 127.237 40.4727 124.476
59.347 127.237 46.6009 153.205
59.347 127.237 61.241 156.116
59.347 127.237 107.314 142.256
59.347 127.237 73.0384 109.927
858.511 917.977 885.486 936.927
858.511 917.977 860.036 908.95
858.511 917.977 856.975 905.185
858.511 917.977 815.259 885.69
858.511 917.977 820.092 947.031
858.511 917.977 860.072 953.591
846.325 549.302 816.921 577.052
846.325 549.302 829.331 591.714
846.325 549.302 867.864 588.182
846.325 549.302 851.649 549.228
846.325 549.302 862.992 520.889
846.325 549.302 835.066 506.39
846.325 549.302 782.394 525.457
973.193 664.346 933.927 662.45
973.193 664.346 991.102 698.223
973.193 664.346 995.23 698.386
973.193 664.346 987.43 603.36
973.193 664.346 970.521 608.748
973.193 664.346 938.363 643.997
283.333 159.347 247.026 90.7455
283.333 159.347 234.12 127.16
283.333 159.347 245.427 164.685
283.333 159.347 264.646 175.809
283.333 159.347 282.828 171.227
283.333 159.347 310.328 165.043
283.333 159.347 307.525 155.059
283.333 159.347 316.178 129.753
283.333 159.347 298.354 84.5912
62.886 597.956 73.7121 598.78
62.886 597.956 75.7743 561.559
62.886 597.956 42.3678 575.293
62.886 597.956 38.8291 606.931
62.886 597.956 44.3993 610.991
62.886 597.956 58.2809 645.986
282.231 949.394 240.794 977.116
282.231 949.394 271.071 991.622
282.231 949.394 301.39 967.038
282.231 949.394 291.166 930.975
282.231 949.394 250.655 923.061
282.231 949.394 245.458 931.294
198.631 430.824 184.357 382.2
198.631 430.824 162.533 409.143
198.631 430.824 161.797 458.841
198.631 430.824 211.42 452.174
198.631 430.824 213.618 429.148
198.631 430.824 213.207 414.182
198.631 430.824 209.813 393.421
672.739 759.196 689.707 748.435
672.739 759.196 670.025 743.836
672.739 759.196 659.696 744.114
672.739 759.196 645.346 756.626
672.739 759.196 641.665 766.313
672.739 759.196 651.24 786.237
672.739 759.196 675.007 783.852
168.483 683.365 145.993 680.744
168.483 683.365 154.431 697.825
168.483 683.365 173.485 703.405
168.483 683.365 229.875 693.267
168.483 683.365 231.164 679.34
168.483 683.365 208.885 644.286
168.483 683.365 193.755 636.101
168.483 683.365 167.929 634.231
168.483 683.365 151.073 654.077
3.81843 920.936 53.0516 995.981
3.81843 920.936 44.1685 965.036
3.81843 920.936 34.999 932.158
3.81843 920.936 26.8344 876.618
3.81843 920.936 25.9729 872.046
3.81843 920.936 22.2511 856.061
3.81843 920.936 19.626 827.823
3.81843 920.936 13.1423 763.624
3.81843 920.936 1.66435 658.614
668.274 178.152 650.934 155.022
668.274 178.152 648.154 191.671
668.274 178.152 655.088 206.167
668.274 178.152 673.403 206.065
668.274 178.152 689.656 201.087
668.274 178.152 682.11 144.965
466.967 517.482 490.272 503.177
466.967 517.482 429.241 474.32
466.967 517.482 435.566 512.078
466.967 517.482 457.543 557.066
466.967 517.482 480.752 564.113
466.967 517.482 515.29 549.814
466.967 517.482 514.985 520.599
445.121 93.6437 466.669 84.6605
445.121 93.6437 451.01 46.7227
445.121 93.6437 411.825 63.2955
445.121 93.6437 439.634 103.751
882.35 652.046 878.211 616.127
882.35 652.046 830.622 629.886
882.35 652.046 878.379 701.563
882.35 652.046 912.12 670.724
882.35 652.046 915.817 640.155
16.0746 203.913 7.33731 302.191
16.0746 203.913 30.0402 245.494
16.0746 203.913 47.0327 194.513
16.0746 203.913 46.6009 153.205
16.0746 203.913 40.4727 124.476
16.0746 203.913 7.90594 91.3529
561.133 109.083 553.569 166.352
561.133 109.083 593.987 154.141
561.133 109.083 580.275 100.432
561.133 109.083 566.128 87.9195
30.0402 245.494 7.33731 302.191
30.0402 245.494 42.2149 292.066
30.0402 245.494 57.0976 255.74
30.0402 245.494 47.0327 194.513
547.401 886.352 510.776 910.829
547.401 886.352 548.365 902.494
547.401 886.352 568.632 915.687
547.401 886.352 589.593 863.881
547.401 886.352 572.242 854.386
547.401 886.352 544.071 860.552
547.401 886.352 518.629 861.275
547.401 886.352 506.748 882.72
936.609 487.048 932.875 496.214
936.609 487.048 935.537 498.104
936.609 487.048 944.509 494.654
936.609 487.048 947.178 485.936
936.609 487.048 956.063 444.745
936.609 487.048 933.463 437.387
936.609 487.048 906.617 432.665
936.609 487.048 879.009 492.28
753.337 548.907 776.984 549.478
753.337 548.907 782.394 525.457
753.337 548.907 746.284 541.796
753.337 548.907 732.887 540.555
753.337 548.907 720.93 552.801
753.337 548.907 718.894 571.734
753.337 548.907 766.065 602.515
753.337 548.907 780.092 565.806
380.426 172.459 409.058 162.428
380.426 172.459 404.797 125.038
380.426 172.459 374.622 172.927
380.426 172.459 395.336 204.333
301.39 967.038 332.869 984.922
301.39 967.038 331.978 951.619
301.39 967.038 291.166 930.975
301.39 967.038 271.071 991.622
250.356 890.453 230.527 907.386
250.356 890.453 250.655 923.061
250.356 890.453 279.475 893.645
250.356 890.453 278.563 853.798
250.356 890.453 233.887 878.424
708.479 839.556 705.099 821.438
708.479 839.556 687.589 822.39
708.479 839.556 686.431 822.799
708.479 839.556 691.23 861.796
708.479 839.556 714.535 880.939
708.479 839.556 737.802 847.524
708.479 839.556 730.861 837.568
708.479 839.556 716.833 831.034
91.5335 526.3 79.5681 538.658
91.5335 526.3 106.304 542.212
91.5335 526.3 100.512 525.031
91.5335 526.3 82.5976 499.835
91.5335 526.3 78.0138 509.446
91.5335 526.3 70.2451 513.12
307.859 782.13 299.554 760.099
307.859 782.13 263.619 776.135
307.859 782.13 307.525 795.015
307.859 782.13 323.485 769.979
645.346 756.626 641.665 766.313
645.346 756.626 659.696 744.114
645.346 756.626 661.177 702.28
645.346 756.626 597.392 749.331
455.199 154.232 454.107 197.273
455.199 154.232 487.855 199.563
455.199 154.232 491.754 142.902
455.199 154.232 439.634 103.751
455.199 154.232 433.406 113.544
455.199 154.232 434.212 153.99
409.058 162.428 395.336 204.333
409.058 162.428 434.212 153.99
409.058 162.428 421.591 134.091
409.058 162.428 412.172 126.258
409.058 162.428 404.797 125.038
985.431 167.285 992.865 163.418
985.431 167.285 985.789 162.713
985.431 167.285 980.367 169.709
985.431 167.285 966.832 204.684
354.326 333.57 380.416 335.415
354.326 333.57 349.305 301.044
354.326 333.57 333.783 314.604
354.326 333.57 341.732 357.565
354.326 333.57 358.184 373.752
641.376 322.15 607.659 309.982
641.376 322.15 610.995 389.076
641.376 322.15 674.611 338.934
641.376 322.15 700.235 304.14
641.376 322.15 649.526 275.691
641.376 322.15 633.888 284.18
78.2141 37.6828 58.6726 11.0114
78.2141 37.6828 52.6487 51.8127
78.2141 37.6828 71.0846 86.4218
78.2141 37.6828 109.146 84.2391
78.2141 37.6828 110.62 83.5465
78.2141 37.6828 130.099 43.4072
78.2141 37.6828 100.882 14.469
78.2141 37.6828 86.0302 7.18171
252.718 491.122 216.246 493.255
252.718 491.122 237.807 534.952
252.718 491.122 299.237 508.137
252.718 491.122 294.97 495.659
252.718 491.122 270.346 445.769
252.718 491.122 231.401 475.158
1.66435 658.614 13.1423 763.624
1.66435 658.614 33.0282 702.375
1.66435 658.614 55.0051 651.654
1.66435 658.614 41.3246 617.087
1.66435 658.614 38.8291 606.931
1.66435 658.614 42.3678 575.293
1.66435 658.614 16.9739 511.728
1.66435 658.614 5.48941 485.735
955.516 100.87 952.85 146.03
955.516 100.87 984.673 95.792
955.516 100.87 955.034 95.9763
955.516 100.87 909.62 93.4018
955.516 100.87 942.099 141.616
116.442 165.406 61.241 156.116
116.442 165.406 47.0327 194.513
116.442 165.406 85.9129 229.924
116.442 165.406 145.493 194.742
116.442 165.406 154.378 187.079
116.442 165.406 159.145 181.561
116.442 165.406 120.45 123.07
116.442 165.406 107.314 142.256
220.39 960.956 245.458 931.294
220.39 960.956 214.981 936.939
220.39 960.956 207.209 969.22
220.39 960.956 227.024 974.157
220.39 960.956 240.794 977.116
243.011 254.563 235.834 263.153
243.011 254.563 240.539 289.607
243.011 254.563 301.463 276.393
243.011 254.563 270.701 218.624
243.011 254.563 242.405 230.775
243.011 254.563 219.152 248.754
851.649 549.228 865.346 548.69
851.649 549.228 862.992 520.889
851.649 549.228 867.864 588.182
901.996 557.61 867.864 588.182
901.996 557.61 920.33 569.214
901.996 557.61 914.238 541.516
901.996 557.61 867.991 517.07
901.996 557.61 865.346 548.69
998.29 759.697 992.897 866.047
998.29 759.697 997.924 907.555
998.29 759.697 995.23 698.386
998.29 759.697 991.102 698.223
998.29 759.697 931.529 739.727
998.29 759.697 982.149 801.219
745.522 375.04 725.349 366.313
745.522 375.04 744.448 391.544
745.522 375.04 770.618 396.488
745.522 375.04 762.322 367.05
745.522 375.04 755.422 362.681
641.665 766.313 597.392 749.331
641.665 766.313 626.062 780.995
641.665 766.313 651.24 786.237
863.361 102.468 866.342 150.233
863.361 102.468 892.666 128.038
863.361 102.468 883.811 104.098
863.361 102.468 907.12 58.3194
863.361 102.468 841.116 77.255
863.361 102.468 813.234 123.723
863.361 102.468 820.126 140.787
291.166 930.975 331.978 951.619
291.166 930.975 325.281 908.209
291.166 930.975 305.808 900.852
291.166 930.975 279.475 893.645
291.166 930.975 250.655 923.061
830.669 975.4 933.398 978.598
830.669 975.4 885.485 967.667
830.669 975.4 860.072 953.591
830.669 975.4 820.092 947.031
830.669 975.4 814.702 978.456
765.209 189.622 787.707 180.408
765.209 189.622 760.67 182.855
765.209 189.622 732.599 202.964
765.209 189.622 748.637 221.356
765.209 189.622 782.289 196.96
375.437 32.3388 387.383 11.1431
375.437 32.3388 353.425 6.61062
375.437 32.3388 370.312 54.4383
375.437 32.3388 400.283 50.0983
596.947 193.147 569.453 179.788
596.947 193.147 582.117 211.342
596.947 193.147 632.843 254.077
596.947 193.147 655.088 206.167
596.947 193.147 648.154 191.671
596.947 193.147 612.816 177.788
596.947 193.147 606.11 178.1
776.984 549.478 780.092 565.806
776.984 549.478 816.921 577.052
776.984 549.478 782.394 525.457
883.565 708.398 878.379 701.563
883.565 708.398 870.376 703.332
883.565 708.398 859.661 749.134
883.565 708.398 931.529 739.727
883.565 708.398 913.022 672.234
499.773 994.661 555.297 995.481
499.773 994.661 540.02 991.243
499.773 994.661 497.669 978.05
499.773 994.661 467.219 967.335
499.773 994.661 409.958 974.24
499.773 994.661 346.509 995.458
689.707 748.435 670.025 743.836
689.707 748.435 675.007 783.852
689.707 748.435 731.582 775.146
689.707 748.435 746.216 748.209
689.707 748.435 705.298 720.948
282.828 171.227 310.328 165.043
282.828 171.227 264.646 175.809
282.828 171.227 270.701 218.624
282.828 171.227 310.631 215.57
399.308 910.853 397.386 928.788
399.308 910.853 411.858 910.738
399.308 910.853 425.653 885.12
399.308 910.853 379.813 849.853
399.308 910.853 368.625 857.696
399.308 910.853 367.556 901.834
399.308 910.853 391.218 917.344
548.365 902.494 568.632 915.687
548.365 902.494 510.776 910.829
548.365 902.494 546.93 918.075
235.834 263.153 219.152 248.754
235.834 263.153 218.562 272.493
235.834 263.153 223.189 280.112
235.834 263.153 240.539 289.607
452.883 335.606 465.29 326.696
452.883 335.606 446.995 336.416
452.883 335.606 488.059 394.403
452.883 335.606 512.893 363.617
819.205 667.104 830.622 629.886
819.205 667.104 816.211 641.703
819.205 667.104 797.661 668.92
819.205 667.104 813.381 699.477
746.284 541.796 782.394 525.457
746.284 541.796 738.135 490.826
746.284 541.796 732.887 540.555
406.75 758.699 394.14 769.475
406.75 758.699 442.821 777.723
406.75 758.699 428.637 753.316
406.75 758.699 417.458 750.104
406.75 758.699 385.437 736.347
661.177 702.28 659.696 744.114
661.177 702.28 670.025 743.836
661.177 702.28 705.298 720.948
661.177 702.28 699.156 659.123
661.177 702.28 630.51 641.683
661.177 702.28 583.682 659.514
661.177 702.28 579.576 713.28
661.177 702.28 597.392 749.331
301.463 276.393 310.631 215.57
301.463 276.393 270.701 218.624
301.463 276.393 240.539 289.607
301.463 276.393 285.68 310.842
301.463 276.393 320.744 289.279
301.463 276.393 335.594 223.809
902.304 954.292 885.485 967.667
902.304 954.292 933.398 978.598
902.304 954.292 939.44 947.495
902.304 954.292 918.602 936.504
902.304 954.292 885.486 936.927
409.958 974.24 378.838 947.85
409.958 974.24 353.456 975.788
409.958 974.24 346.509 995.458
409.958 974.24 467.219 967.335
409.958 974.24 416.839 965.837
409.958 974.24 417.817 953.387
602.006 796.038 621.247 791.614
602.006 796.038 626.062 780.995
602.006 796.038 597.392 749.331
602.006 796.038 586.755 800.032
602.006 796.038 596.045 814.583
73.0384 109.927 110.343 102.653
73.0384 109.927 71.0846 86.4218
73.0384 109.927 67.372 100.699
73.0384 109.927 51.1765 117.474
73.0384 109.927 107.314 142.256
390.933 383.381 412.21 351.869
390.933 383.381 380.416 335.415
390.933 383.381 358.184 373.752
390.933 383.381 367.594 392.64
390.933 383.381 375.099 401.285
390.933 383.381 407.172 387.117
699.03 559.109 706.819 549.682
699.03 559.109 684.372 550.068
699.03 559.109 688.987 565.461
699.03 559.109 691.793 566.063
699.03 559.109 698.642 569.258
699.03 559.109 718.894 571.734
387.383 11.1431 400.283 50.0983
387.383 11.1431 452.756 5.64456
387.383 11.1431 353.425 6.61062
268.586 565.69 237.807 534.952
268.586 565.69 264.742 567.826
268.586 565.69 298.57 573.295
268.586 565.69 294.03 567.101
268.586 565.69 296.111 549.947
808.31 161.62 787.707 180.408
808.31 161.62 801.325 195.916
808.31 161.62 823.579 203.926
808.31 161.62 866.342 150.233
808.31 161.62 820.126 140.787
808.31 161.62 798.644 143.298
808.31 161.62 778.675 153.777
648.154 191.671 655.088 206.167
648.154 191.671 650.934 155.022
648.154 191.671 629.866 160.616
648.154 191.671 612.816 177.788
378.955 72.8548 367.183 79.0307
378.955 72.8548 380.451 81.4141
378.955 72.8548 411.825 63.2955
378.955 72.8548 400.283 50.0983
378.955 72.8548 375.871 64.6321
216.246 493.255 183.057 543.713
216.246 493.255 237.807 534.952
216.246 493.255 231.401 475.158
216.246 493.255 224.284 469.439
216.246 493.255 180.082 481.407
216.246 493.255 179.238 490.26
216.246 493.255 175.787 506.807
892.149 353.126 837.318 339.278
892.149 353.126 828.705 377.179
892.149 353.126 885.198 417.06
892.149 353.126 908.002 379.801
892.149 353.126 915.872 343.673
892.149 353.126 893.969 292.88
892.149 353.126 861.968 303.332
982.168 439.15 947.178 485.936
982.168 439.15 978.818 514.811
982.168 439.15 994.419 546.813
982.168 439.15 990.208 391.523
982.168 439.15 954.534 399.252
982.168 439.15 956.063 444.745
143.244 576.638 165.453 549.707
143.244 576.638 133.184 556.774
143.244 576.638 113.809 560.079
143.244 576.638 142.653 580.371
143.244 576.638 166.17 580.732
82.5976 499.835 100.512 525.031
82.5976 499.835 96.0075 483.427
82.5976 499.835 52.9167 446.475
82.5976 499.835 15.4994 476.185
82.5976 499.835 70.2451 513.12
82.5976 499.835 78.0138 509.446
374.622 172.927 404.797 125.038
374.622 172.927 340.833 131.522
374.622 172.927 352.666 176.293
374.622 172.927 344.397 192.756
374.622 172.927 395.336 204.333
245.427 164.685 237.858 185.877
245.427 164.685 257.187 181.159
245.427 164.685 264.646 175.809
245.427 164.685 234.12 127.16
245.427 164.685 220.639 133.557
245.427 164.685 217.737 191.401
250.746 791.156 246.148 811.201
250.746 791.156 294.793 813.622
250.746 791.156 263.619 776.135
250.746 791.156 243.862 786.563
250.746 791.156 234.234 788.704
515.29 549.814 480.752 564.113
515.29 549.814 468.167 598.285
515.29 549.814 524.964 640.654
515.29 549.814 544.64 631.842
515.29 549.814 567.751 607.855
515.29 549.814 575.652 563.489
515.29 549.814 571.228 539.494
515.29 549.814 514.985 520.599
412.21 351.869 446.995 336.416
412.21 351.869 380.416 335.415
412.21 351.869 407.172 387.117
568.632 915.687 591.994 965.072
568.632 915.687 603.941 900.553
568.632 915.687 589.593 863.881
568.632 915.687 546.93 918.075
568.632 915.687 558.907 923.89
806.355 400.523 828.705 377.179
806.355 400.523 803.795 376.962
806.355 400.523 787.759 393.658
806.355 400.523 813.283 410.83
130.099 43.4072 171.729 34.6696
130.099 43.4072 160.849 11.6003
130.099 43.4072 130.178 4.20215
130.099 43.4072 100.882 14.469
130.099 43.4072 110.62 83.5465
130.099 43.4072 138.688 51.8739
207.209 969.22 196.651 997.153
207.209 969.22 227.024 974.157
207.209 969.22 214.981 936.939
207.209 969.22 174.194 958.915
306.062 830.683 294.793 813.622
306.062 830.683 304.299 834.317
306.062 830.683 333.977 863.532
306.062 830.683 358.674 849.083
306.062 830.683 307.525 795.015
332.869 984.922 346.509 995.458
332.869 984.922 353.456 975.788
332.869 984.922 331.978 951.619
332.869 984.922 271.071 991.622
681.656 82.3947 684.852 107.076
681.656 82.3947 692.031 97.5465
681.656 82.3947 703.097 79.0915
681.656 82.3947 691.11 64.5333
681.656 82.3947 676.582 80.5822
163.937 204.153 163.039 226.136
163.937 204.153 176.885 220.423
163.937 204.153 171.681 191.306
163.937 204.153 154.378 187.079
163.937 204.153 145.493 194.742
871.827 197.465 823.579 203.926
871.827 197.465 839.16 215.447
871.827 197.465 861.429 228.601
871.827 197.465 874.764 225.579
871.827 197.465 883.265 197.738
871.827 197.465 866.342 150.233
247.026 90.7455 298.354 84.5912
247.026 90.7455 303.003 69.0816
247.026 90.7455 238.571 55.5241
247.026 90.7455 208.892 97.5062
247.026 90.7455 234.12 127.16
867.991 517.07 835.066 506.39
867.991 517.07 862.992 520.889
867.991 517.07 865.346 548.69
867.991 517.07 914.238 541.516
867.991 517.07 879.009 492.28
986.729 596.703 987.43 603.36
986.729 596.703 995.334 587.647
986.729 596.703 973.169 582.336
986.729 596.703 970.521 608.748
686.431 822.799 645.86 831.407
686.431 822.799 691.23 861.796
686.431 822.799 687.589 822.39
686.431 822.799 687.145 808.733
686.431 822.799 667.558 799.586
396.655 627.998 382.257 610.731
396.655 627.998 369.621 645.655
396.655 627.998 383.457 658.865
396.655 627.998 426.879 648.992
396.655 627.998 405.418 617.798
477.759 420.051 488.059 394.403
477.759 420.051 428.152 417.558
477.759 420.051 461.433 430.754
477.759 420.051 465.13 439
477.759 420.051 504.731 461.46
477.759 420.051 520.68 420.179
477.759 420.051 487.036 411.221
294.793 813.622 246.148 811.201
294.793 813.622 278.563 853.798
294.793 813.622 304.299 834.317
294.793 813.622 307.525 795.015
294.793 813.622 263.619 776.135
429.241 474.32 369.876 485.273
429.241 474.32 435.566 512.078
429.241 474.32 490.272 503.177
429.241 474.32 498.195 467.57
429.241 474.32 465.13 439
429.241 474.32 461.514 434.999
429.241 474.32 428.152 417.558
429.241 474.32 399.721 447.321
658.065 464.033 636.321 454.478
658.065 464.033 626.58 509.509
658.065 464.033 668.077 523.019
658.065 464.033 728.923 474.453
658.065 464.033 725.235 457.732
658.065 464.033 672.995 439.123
667.623 562.306 612.364 543.225
667.623 562.306 600.488 561.07
667.623 562.306 636.671 623.359
667.623 562.306 691.885 585.407
667.623 562.306 688.987 565.461
667.623 562.306 684.372 550.068
667.623 562.306 668.077 523.019
667.623 562.306 629.726 525.929
279.692 652.465 236.833 677.832
279.692 652.465 271.148 689.595
279.692 652.465 287.67 684.561
279.692 652.465 345.987 674.899
279.692 652.465 351.099 655.652
279.692 652.465 290.677 620.829
279.692 652.465 234.835 628.815
279.692 652.465 225.699 652.955
59.1972 5.18158 70.5907 2.03477
59.1972 5.18158 31.66 1.97179
59.1972 5.18158 58.6726 11.0114
253.661 214.659 237.858 185.877
253.661 214.659 236.101 220.219
253.661 214.659 242.405 230.775
253.661 214.659 270.701 218.624
253.661 214.659 257.187 181.159
473.19 738.162 487.891 730.906
473.19 738.162 490.762 703.311
473.19 738.162 451.841 735.437
473.19 738.162 447.189 773.404
473.19 738.162 494.322 778.927
473.19 738.162 509.753 762.175
250.655 923.061 230.527 907.386
250.655 923.061 245.458 931.294
250.655 923.061 279.475 893.645
473.922 683.91 490.762 703.311
473.922 683.91 524.964 640.654
473.922 683.91 473.192 623.929
473.922 683.91 447.492 682.191
473.922 683.91 451.841 735.437
835.066 506.39 862.992 520.889
835.066 506.39 879.009 492.28
835.066 506.39 822.263 479.531
835.066 506.39 781.999 494.976
835.066 506.39 782.394 525.457
148.704 973.102 174.194 958.915
148.704 973.102 141.254 957.315
148.704 973.102 131.947 968.442
148.704 973.102 139.968 989.527
148.704 973.102 169.041 993.233
770.618 396.488 787.759 393.658
770.618 396.488 762.322 367.05
770.618 396.488 744.448 391.544
770.618 396.488 762.218 449.628
636.321 454.478 672.995 439.123
636.321 454.478 655.235 420.443
636.321 454.478 633.235 416.742
636.321 454.478 603.059 432.824
636.321 454.478 585.182 474.775
636.321 454.478 626.58 509.509
272.135 742.002 246.729 750.192
272.135 742.002 263.746 769.784
272.135 742.002 299.554 760.099
272.135 742.002 275.877 737.805
272.135 742.002 271.432 736.285
787.707 180.408 782.289 196.96
787.707 180.408 801.325 195.916
787.707 180.408 778.675 153.777
787.707 180.408 760.67 182.855
841.116 77.255 907.12 58.3194
841.116 77.255 902.252 47.1862
841.116 77.255 858.116 29.2358
841.116 77.255 816.04 47.0612
841.116 77.255 794.239 104.408
841.116 77.255 813.234 123.723
945.963 944.811 933.398 978.598
945.963 944.811 979.397 931.441
945.963 944.811 949.778 939.316
945.963 944.811 939.44 947.495
828.705 377.179 803.795 376.962
828.705 377.179 813.283 410.83
828.705 377.179 885.198 417.06
828.705 377.179 837.318 339.278
828.705 377.179 820.726 361.6
861.429 228.601 839.16 215.447
861.429 228.601 822.3 237.746
861.429 228.601 856.972 267.889
861.429 228.601 883.4 268.333
861.429 228.601 874.764 225.579
869.014 954.651 885.486 936.927
869.014 954.651 860.072 953.591
869.014 954.651 885.485 967.667
417.458 750.104 415.1 724.963
417.458 750.104 385.437 736.347
417.458 750.104 428.637 753.316
417.458 750.104 425.502 741.339
362.057 403.707 398.257 435.318
362.057 403.707 375.099 401.285
362.057 403.707 367.594 392.64
362.057 403.707 341.669 389.043
362.057 403.707 335.346 425.763
823.579 203.926 823.494 216.644
823.579 203.926 839.16 215.447
823.579 203.926 866.342 150.233
823.579 203.926 801.325 195.916
823.579 203.926 813.33 208.449
416.839 965.837 467.219 967.335
416.839 965.837 431.935 949.752
416.839 965.837 417.817 953.387
415.1 724.963 425.502 741.339
415.1 724.963 435.416 726.908
415.1 724.963 409.071 700.175
415.1 724.963 406.977 718.541
415.1 724.963 385.437 736.347
987.43 603.36 995.334 587.647
987.43 603.36 970.521 608.748
987.43 603.36 995.23 698.386
130.178 4.20215 70.5907 2.03477
130.178 4.20215 86.0302 7.18171
130.178 4.20215 100.882 14.469
130.178 4.20215 160.849 11.6003
130.178 4.20215 168.178 4.39822
236.833 677.832 229.875 693.267
236.833 677.832 245.704 696.26
236.833 677.832 271.148 689.595
236.833 677.832 225.699 652.955
236.833 677.832 231.164 679.34
145.993 680.744 151.073 654.077
145.993 680.744 132.979 653.936
145.993 680.744 141.342 683.257
145.993 680.744 154.431 697.825
73.7121 598.78 97.1637 600.612
73.7121 598.78 75.7743 561.559
73.7121 598.78 58.2809 645.986
73.7121 598.78 63.0678 647.873
732.599 202.964 708.872 214.584
732.599 202.964 748.637 221.356
732.599 202.964 760.67 182.855
732.599 202.964 730.678 172.002
732.599 202.964 715.108 200.458
740.477 958.215 709.069 989.939
740.477 958.215 753.91 985.08
740.477 958.215 754.274 975.761
740.477 958.215 779.604 956.157
740.477 958.215 760.733 885.974
740.477 958.215 715.42 925.71
740.477 958.215 710.977 962.926
839.16 215.447 823.494 216.644
839.16 215.447 822.3 237.746
270.701 218.624 242.405 230.775
270.701 218.624 310.631 215.57
270.701 218.624 264.646 175.809
270.701 218.624 257.187 181.159
622.814 835.845 622.166 844.506
622.814 835.845 645.86 831.407
622.814 835.845 621.247 791.614
622.814 835.845 596.045 814.583
622.814 835.845 601.171 828.432
622.814 835.845 602.232 834.945
725.235 457.732 728.923 474.453
725.235 457.732 733.423 454.895
725.235 457.732 729.952 452.888
725.235 457.732 725.026 450.696
725.235 457.732 672.995 439.123
102.257 412.836 102.24 421.502
102.257 412.836 113.973 426.097
102.257 412.836 139.837 380.101
102.257 412.836 110.153 365.429
102.257 412.836 83.5137 365.035
102.257 412.836 59.0458 441.389
102.257 412.836 99.3327 426.834
242.478 435.772 234.315 420.896
242.478 435.772 213.618 429.148
242.478 435.772 211.42 452.174
242.478 435.772 224.284 469.439
242.478 435.772 231.401 475.158
242.478 435.772 270.346 445.769
242.478 435.772 254.83 411.338
544.64 631.842 573.65 668.174
544.64 631.842 574.007 641.59
544.64 631.842 567.751 607.855
544.64 631.842 524.964 640.654
48.2647 78.9411 52.6487 51.8127
48.2647 78.9411 38.3465 60.6574
48.2647 78.9411 45.7679 85.5888
48.2647 78.9411 56.0196 97.1363
48.2647 78.9411 71.0846 86.4218
338.452 470.33 335.346 425.763
338.452 470.33 283.645 435.774
338.452 470.33 325.953 487.276
338.452 470.33 333.424 482.227
338.452 470.33 355.253 487.712
338.452 470.33 369.876 485.273
338.452 470.33 399.721 447.321
278.563 853.798 246.148 811.201
278.563 853.798 221.906 842.968
278.563 853.798 225.192 865.555
278.563 853.798 233.887 878.424
278.563 853.798 279.475 893.645
278.563 853.798 307.937 872.735
278.563 853.798 304.299 834.317
870.376 703.332 878.379 701.563
870.376 703.332 813.381 699.477
870.376 703.332 809.852 735.925
870.376 703.332 859.661 749.134
530.931 181.981 491.754 142.902
530.931 181.981 515.876 195.004
530.931 181.981 520.622 202.453
530.931 181.981 559.622 194.45
530.931 181.981 553.569 166.352
235.327 725.291 259.499 719.747
235.327 725.291 245.704 696.26
235.327 725.291 229.875 693.267
235.327 725.291 218.798 740.154
235.327 725.291 246.729 750.192
822.3 237.746 823.494 216.644
822.3 237.746 817.946 225.77
822.3 237.746 811.853 239.468
822.3 237.746 812.004 239.789
822.3 237.746 811.173 244.357
822.3 237.746 819.551 278.534
822.3 237.746 856.972 267.889
38.6598 867.889 22.2511 856.061
38.6598 867.889 25.9729 872.046
38.6598 867.889 26.8344 876.618
38.6598 867.889 54.297 876.697
38.6598 867.889 57.017 857.143
38.6598 867.889 30.5042 842.897
355.253 487.712 333.424 482.227
355.253 487.712 325.953 487.276
355.253 487.712 364.629 527.42
355.253 487.712 371.91 516.957
355.253 487.712 369.876 485.273
310.328 165.043 340.833 131.522
310.328 165.043 307.525 155.059
310.328 165.043 310.631 215.57
310.328 165.043 344.397 192.756
310.328 165.043 352.666 176.293
906.707 150.371 883.265 197.738
906.707 150.371 942.107 150.726
906.707 150.371 942.099 141.616
906.707 150.371 892.666 128.038
906.707 150.371 866.342 150.233
829.331 591.714 867.864 588.182
829.331 591.714 816.921 577.052
829.331 591.714 820.933 596.737
829.331 591.714 824.957 612.789
582.117 211.342 569.453 179.788
582.117 211.342 559.622 194.45
582.117 211.342 549.373 231.068
582.117 211.342 568.199 248.439
582.117 211.342 632.843 254.077
307.525 155.059 340.833 131.522
307.525 155.059 316.178 129.753
34.971 368.609 22.6766 350.368
34.971 368.609 15.4994 476.185
34.971 368.609 52.9167 446.475
34.971 368.609 59.0458 441.389
34.971 368.609 83.5137 365.035
34.971 368.609 59.9838 352.156
34.971 368.609 32.9645 349.297
770.594 65.2273 757.572 32.957
770.594 65.2273 737.261 75.4502
770.594 65.2273 755.784 85.252
770.594 65.2273 764.297 87.0202
770.594 65.2273 780.053 96.8048
770.594 65.2273 793.975 47.252
967.253 302.871 917.023 343.297
967.253 302.871 934.654 357.258
967.253 302.871 980.141 317.012
967.253 302.871 967.996 295.524
967.253 302.871 903.613 275.718
967.253 302.871 893.969 292.88
154.431 697.825 141.342 683.257
154.431 697.825 115.488 706.969
154.431 697.825 124.036 756.453
154.431 697.825 186.656 733.862
154.431 697.825 173.485 703.405
688.987 565.461 691.885 585.407
688.987 565.461 691.793 566.063
688.987 565.461 684.372 550.068
161.797 458.841 173.494 477.774
161.797 458.841 211.42 452.174
161.797 458.841 162.533 409.143
161.797 458.841 138.866 461.421
161.797 458.841 158.515 491.634
805.494 12.4615 972.477 0.00626567
805.494 12.4615 612.752 3.91206
805.494 12.4615 763.549 25.9106
805.494 12.4615 793.975 47.252
805.494 12.4615 816.04 47.0612
805.494 12.4615 837.924 18.8861
805.494 12.4615 870.389 14.4928
575.652 563.489 571.228 539.494
575.652 563.489 567.751 607.855
575.652 563.489 588.188 586.391
575.652 563.489 600.488 561.07
510.826 728.453 509.098 707.826
510.826 728.453 487.891 730.906
510.826 728.453 512.547 746.899
510.826 728.453 525.321 727.65
510.826 728.453 512.531 708.308
585.182 474.775 626.58 509.509
585.182 474.775 603.059 432.824
585.182 474.775 578.737 425.465
585.182 474.775 558.232 462.99
585.182 474.775 568.99 476.02
585.182 474.775 596.62 515.791
345.189 725.622 334.894 729.512
345.189 725.622 345.89 743.142
345.189 725.622 367.02 688.851
345.189 725.622 345.987 674.899
345.189 725.622 313.938 723.612
757.572 32.957 793.975 47.252
757.572 32.957 763.549 25.9106
757.572 32.957 713.588 48.2018
757.572 32.957 737.261 75.4502
162.533 409.143 113.973 426.097
162.533 409.143 138.866 461.421
162.533 409.143 184.357 382.2
162.533 409.143 174.004 372.159
162.533 409.143 139.837 380.101
171.729 34.6696 138.688 51.8739
171.729 34.6696 172.206 35.0082
171.729 34.6696 180.017 29.052
171.729 34.6696 160.849 11.6003
820.092 947.031 815.259 885.69
820.092 947.031 779.604 956.157
820.092 947.031 814.702 978.456
820.092 947.031 860.072 953.591
835.034 332.639 861.968 303.332
835.034 332.639 834.826 312.445
835.034 332.639 823.419 299.507
835.034 332.639 761.727 320.691
835.034 332.639 820.726 361.6
835.034 332.639 837.318 339.278
59.0458 441.389 96.0075 483.427
59.0458 441.389 99.3327 426.834
59.0458 441.389 83.5137 365.035
59.0458 441.389 52.9167 446.475
208.885 644.286 231.164 679.34
208.885 644.286 225.699 652.955
208.885 644.286 234.835 628.815
208.885 644.286 193.755 636.101
367.02 688.851 406.977 718.541
367.02 688.851 409.071 700.175
367.02 688.851 401.748 673.037
367.02 688.851 383.457 658.865
367.02 688.851 358.241 666.895
367.02 688.851 345.987 674.899
813.234 123.723 794.239 104.408
813.234 123.723 788.174 134.334
813.234 123.723 798.644 143.298
813.234 123.723 820.126 140.787
732.887 540.555 720.93 552.801
732.887 540.555 738.135 490.826
732.887 540.555 723.339 535.012
706.819 549.682 705.868 537.696
706.819 549.682 684.372 550.068
706.819 549.682 718.894 571.734
706.819 549.682 720.93 552.801
706.819 549.682 723.339 535.012
705.298 720.948 670.025 743.836
705.298 720.948 746.216 748.209
705.298 720.948 728.34 714.456
705.298 720.948 699.156 659.123
184.357 382.2 209.813 393.421
184.357 382.2 200.57 381.637
184.357 382.2 187.558 376.475
184.357 382.2 174.004 372.159
700.235 304.14 659.755 256.468
700.235 304.14 649.526 275.691
700.235 304.14 674.611 338.934
700.235 304.14 693.228 351.769
700.235 304.14 761.727 320.691
700.235 304.14 713.575 267.351
179.238 490.26 175.787 506.807
179.238 490.26 180.082 481.407
179.238 490.26 173.494 477.774
179.238 490.26 158.515 491.634
527.689 234.011 494.649 225.189
527.689 234.011 485.276 257.012
527.689 234.011 488.013 263.467
527.689 234.011 543.716 284.482
527.689 234.011 557.788 267.917
527.689 234.011 549.373 231.068
527.689 234.011 520.622 202.453
674.611 338.934 610.995 389.076
674.611 338.934 655.235 420.443
674.611 338.934 693.228 351.769
820.933 596.737 816.921 577.052
820.933 596.737 808.957 591.209
820.933 596.737 819.193 618.845
820.933 596.737 824.957 612.789
138.688 51.8739 110.62 83.5465
138.688 51.8739 121.003 96.8658
138.688 51.8739 146.664 110.282
138.688 51.8739 185.13 51.6147
138.688 51.8739 172.206 35.0082
22.2511 856.061 25.9729 872.046
22.2511 856.061 30.5042 842.897
22.2511 856.061 19.626 827.823
99.1747 275.584 71.7595 298.357
99.1747 275.584 77.6404 301.513
99.1747 275.584 87.7835 312.672
99.1747 275.584 103.254 273.92
99.1747 275.584 112.627 250.459
99.1747 275.584 85.9129 229.924
99.1747 275.584 57.0976 255.74
797.382 782.175 829.72 766.262
797.382 782.175 809.852 735.925
797.382 782.175 774.786 781.586
797.382 782.175 772.304 804.813
797.382 782.175 790.095 858.579
797.382 782.175 852.494 823.934
797.382 782.175 854.029 815.288
626.824 17.2278 612.752 3.91206
626.824 17.2278 591.948 59.6544
626.824 17.2278 669.705 37.7142
320.619 311.988 285.68 310.842
320.619 311.988 341.732 357.565
320.619 311.988 333.783 314.604
320.619 311.988 320.744 289.279
737.055 814.288 736.157 782.165
737.055 814.288 714.071 812.413
737.055 814.288 723.975 822.479
737.055 814.288 730.861 837.568
737.055 814.288 737.802 847.524
737.055 814.288 758.197 854.574
737.055 814.288 772.304 804.813
316.178 129.753 340.833 131.522
316.178 129.753 298.354 84.5912
883.811 104.098 909.62 93.4018
883.811 104.098 907.12 58.3194
883.811 104.098 892.666 128.038
878.211 616.127 867.864 588.182
878.211 616.127 824.957 612.789
878.211 616.127 830.622 629.886
878.211 616.127 915.817 640.155
878.211 616.127 926.625 625.419
878.211 616.127 930.085 583.021
878.211 616.127 920.33 569.214
803.795 376.962 787.759 393.658
803.795 376.962 820.726 361.6
803.795 376.962 762.322 367.05
63.0678 647.873 58.2809 645.986
63.0678 647.873 55.0051 651.654
63.0678 647.873 82.3489 699.001
63.0678 647.873 109.731 656.879
63.0678 647.873 109.507 647.486
63.0678 647.873 97.1637 600.612
331.282 591.894 314.811 596.175
331.282 591.894 345.898 612.439
331.282 591.894 351.096 570.678
331.282 591.894 333.646 564.537
331.282 591.894 310.049 579.728
158.855 250.697 141.636 302.735
158.855 250.697 168.553 287.302
158.855 250.697 202.319 266.703
158.855 250.697 184.213 235.599
158.855 250.697 160.41 246.382
158.855 250.697 112.627 250.459
71.9813 714.764 33.0282 702.375
71.9813 714.764 28.1228 764.767
71.9813 714.764 71.7763 785.693
71.9813 714.764 102.408 721.309
71.9813 714.764 82.3489 699.001
237.858 185.877 257.187 181.159
237.858 185.877 217.737 191.401
237.858 185.877 231.307 219.512
237.858 185.877 236.101 220.219
344.397 192.756 310.631 215.57
344.397 192.756 335.594 223.809
344.397 192.756 395.336 204.333
344.397 192.756 352.666 176.293
980.141 317.012 990.208 391.523
980.141 317.012 991.817 279.149
980.141 317.012 967.996 295.524
980.141 317.012 934.654 357.258
980.141 317.012 960.46 366.519
980.141 317.012 974.732 367.76
928.902 662.178 933.927 662.45
928.902 662.178 938.363 643.997
928.902 662.178 915.817 640.155
928.902 662.178 912.12 670.724
928.902 662.178 913.022 672.234
651.24 786.237 626.062 780.995
651.24 786.237 621.247 791.614
651.24 786.237 645.86 831.407
651.24 786.237 667.558 799.586
651.24 786.237 675.007 783.852
257.187 181.159 264.646 175.809
483.723 24.2924 484.787 68.3144
483.723 24.2924 500.956 66.4659
483.723 24.2924 514.77 44.9716
483.723 24.2924 482.199 19.0167
483.723 24.2924 466.351 24.7698
483.723 24.2924 476.308 69.665
885.485 967.667 933.398 978.598
885.485 967.667 885.486 936.927
885.485 967.667 860.072 953.591
191.843 869.281 230.527 907.386
191.843 869.281 233.887 878.424
191.843 869.281 225.192 865.555
191.843 869.281 192.608 866.185
191.843 869.281 171.586 879.341
191.843 869.281 174.854 900.591
817.946 225.77 823.494 216.644
817.946 225.77 813.33 208.449
817.946 225.77 811.853 239.468
183.057 543.713 175.787 506.807
183.057 543.713 165.453 549.707
183.057 543.713 187.135 577.584
183.057 543.713 237.807 534.952
279.475 893.645 305.808 900.852
279.475 893.645 307.937 872.735
693.228 351.769 655.235 420.443
693.228 351.769 669.812 425.526
693.228 351.769 708.618 416.777
693.228 351.769 725.349 366.313
244.023 43.1582 293.181 35.0208
244.023 43.1582 323.852 7.25077
244.023 43.1582 175.458 5.65812
244.023 43.1582 180.017 29.052
244.023 43.1582 185.13 51.6147
244.023 43.1582 238.571 55.5241
244.023 43.1582 303.003 69.0816
351.096 570.678 367.164 527.873
351.096 570.678 364.629 527.42
351.096 570.678 333.646 564.537
351.096 570.678 345.898 612.439
351.096 570.678 372.23 606.855
351.096 570.678 397.462 573.229
351.096 570.678 384.958 535.161
320.744 289.279 333.783 314.604
320.744 289.279 349.305 301.044
320.744 289.279 335.594 223.809
320.744 289.279 285.68 310.842
933.927 662.45 913.022 672.234
933.927 662.45 931.529 739.727
933.927 662.45 991.102 698.223
933.927 662.45 938.363 643.997
307.525 795.015 358.674 849.083
307.525 795.015 351.501 773.447
307.525 795.015 323.485 769.979
307.525 795.015 263.619 776.135
59.1831 322.907 59.9838 352.156
59.1831 322.907 87.7835 312.672
59.1831 322.907 77.6404 301.513
59.1831 322.907 71.7595 298.357
59.1831 322.907 42.2149 292.066
59.1831 322.907 7.33731 302.191
59.1831 322.907 32.9645 349.297
515.876 195.004 487.855 199.563
515.876 195.004 520.622 202.453
515.876 195.004 491.754 142.902
612.364 543.225 600.488 561.07
612.364 543.225 629.726 525.929
612.364 543.225 598.839 533.905
643.222 981.289 690.166 975.457
643.222 981.289 679.579 948.427
643.222 981.289 630.692 913.758
643.222 981.289 591.994 965.072
643.222 981.289 603.974 995.526
643.222 981.289 709.069 989.939
643.222 981.289 690.96 978.219
171.681 191.306 176.885 220.423
171.681 191.306 217.737 191.401
171.681 191.306 220.639 133.557
171.681 191.306 159.145 181.561
171.681 191.306 154.378 187.079
397.386 928.788 391.218 917.344
397.386 928.788 378.838 947.85
397.386 928.788 416.393 945.044
397.386 928.788 411.858 910.738
801.325 195.916 782.289 196.96
801.325 195.916 813.33 208.449
570.929 824.259 552.079 838.745
570.929 824.259 572.242 854.386
570.929 824.259 593.189 844.82
570.929 824.259 601.171 828.432
570.929 824.259 596.045 814.583
570.929 824.259 586.755 800.032
570.929 824.259 548.482 771.319
570.929 824.259 524.506 791.754
109.146 84.2391 71.0846 86.4218
109.146 84.2391 110.343 102.653
109.146 84.2391 121.003 96.8658
109.146 84.2391 110.62 83.5465
659.696 744.114 670.025 743.836
175.787 506.807 165.453 549.707
175.787 506.807 158.515 491.634
454.629 268.008 454.107 197.273
454.629 268.008 416.761 221.052
454.629 268.008 410.441 221.584
454.629 268.008 451.776 276.647
454.629 268.008 472.938 267.938
454.629 268.008 485.276 257.012
174.194 958.915 214.981 936.939
174.194 958.915 174.854 900.591
174.194 958.915 160.179 910.792
174.194 958.915 141.254 957.315
174.194 958.915 169.041 993.233
174.194 958.915 196.651 997.153
596.62 515.791 587.103 524.389
596.62 515.791 598.839 533.905
596.62 515.791 568.99 476.02
345.89 743.142 334.894 729.512
345.89 743.142 332.442 730.151
345.89 743.142 323.485 769.979
345.89 743.142 351.501 773.447
345.89 743.142 383.241 772.449
99.5498 962.922 131.947 968.442
99.5498 962.922 140.634 956.831
99.5498 962.922 134.455 915.491
99.5498 962.922 88.0791 929.57
99.5498 962.922 73.777 943.989
99.5498 962.922 78.3787 960.594
99.5498 962.922 106.438 989.081
794.239 104.408 788.174 134.334
794.239 104.408 816.04 47.0612
794.239 104.408 793.975 47.252
794.239 104.408 780.053 96.8048
794.239 104.408 769.987 110.995
139.837 380.101 174.004 372.159
139.837 380.101 146.443 358.63
139.837 380.101 110.153 365.429
139.837 380.101 113.973 426.097
121.003 96.8658 110.62 83.5465
121.003 96.8658 110.343 102.653
121.003 96.8658 120.45 123.07
121.003 96.8658 146.664 110.282
579.576 713.28 553.519 730.003
579.576 713.28 597.392 749.331
579.576 713.28 583.682 659.514
579.576 713.28 573.65 668.174
995.334 587.647 995.23 698.386
995.334 587.647 994.419 546.813
995.334 587.647 973.169 582.336
375.871 64.6321 400.283 50.0983
375.871 64.6321 370.312 54.4383
375.871 64.6321 362.883 61.1399
375.871 64.6321 367.183 79.0307
982.881 238.461 966.832 204.684
982.881 238.461 947.171 257.662
982.881 238.461 984.431 277.915
982.881 238.461 991.817 279.149
982.881 238.461 992.865 163.418
641.672 134.113 682.496 136.822
641.672 134.113 684.852 107.076
641.672 134.113 647.703 99.9214
641.672 134.113 627.707 143.851
641.672 134.113 650.934 155.022
351.099 655.652 358.241 666.895
351.099 655.652 369.621 645.655
351.099 655.652 351.874 619.122
351.099 655.652 345.898 612.439
351.099 655.652 290.677 620.829
351.099 655.652 345.987 674.899
171.586 879.341 174.854 900.591
171.586 879.341 192.608 866.185
171.586 879.341 185.374 835.104
171.586 879.341 136.231 854.533
171.586 879.341 134.455 915.491
171.586 879.341 160.179 910.792
96.0075 483.427 138.866 461.421
96.0075 483.427 113.973 426.097
96.0075 483.427 99.3327 426.834
96.0075 483.427 52.9167 446.475
96.0075 483.427 100.512 525.031
96.0075 483.427 158.515 491.634
120.45 123.07 110.343 102.653
120.45 123.07 107.314 142.256
120.45 123.07 159.145 181.561
120.45 123.07 146.664 110.282
421.591 134.091 434.212 153.99
421.591 134.091 433.406 113.544
421.591 134.091 412.172 126.258
569.928 257.837 568.199 248.439
569.928 257.837 557.788 267.917
569.928 257.837 578.984 267.695
154.378 187.079 145.493 194.742
154.378 187.079 159.145 181.561
97.1637 600.612 134.081 602.341
97.1637 600.612 113.809 560.079
97.1637 600.612 75.7743 561.559
97.1637 600.612 109.507 647.486
97.1637 600.612 124.938 619.011
917.023 343.297 893.969 292.88
917.023 343.297 915.872 343.673
917.023 343.297 934.654 357.258
245.458 931.294 240.794 977.116
245.458 931.294 230.527 907.386
245.458 931.294 214.981 936.939
586.755 800.032 597.392 749.331
586.755 800.032 548.482 771.319
586.755 800.032 596.045 814.583
516.441 811.845 524.506 791.754
516.441 811.845 521.226 785.078
516.441 811.845 494.322 778.927
516.441 811.845 467.173 817.46
516.441 811.845 491.92 851.937
516.441 811.845 518.629 861.275
516.441 811.845 552.079 838.745
383.457 658.865 401.748 673.037
383.457 658.865 426.879 648.992
383.457 658.865 369.621 645.655
383.457 658.865 358.241 666.895
559.622 194.45 569.453 179.788
559.622 194.45 553.569 166.352
559.622 194.45 520.622 202.453
559.622 194.45 549.373 231.068
263.983 701.768 275.877 737.805
263.983 701.768 313.938 723.612
263.983 701.768 287.67 684.561
263.983 701.768 271.148 689.595
263.983 701.768 245.704 696.26
263.983 701.768 259.499 719.747
51.1765 117.474 67.372 100.699
51.1765 117.474 56.0196 97.1363
51.1765 117.474 45.7679 85.5888
51.1765 117.474 40.4727 124.476
793.975 47.252 816.04 47.0612
793.975 47.252 763.549 25.9106
793.975 47.252 780.053 96.8048
223.189 280.112 219.872 292.202
223.189 280.112 240.539 289.607
223.189 280.112 218.562 272.493
223.189 280.112 208.136 282.973
299.237 508.137 296.111 549.947
299.237 508.137 306.14 535.012
299.237 508.137 325.953 487.276
299.237 508.137 294.97 495.659
299.237 508.137 237.807 534.952
146.664 110.282 159.145 181.561
146.664 110.282 194.652 101.678
146.664 110.282 198.75 89.3411
146.664 110.282 185.13 51.6147
687.589 822.39 705.099 821.438
687.589 822.39 694.59 818.037
687.589 822.39 687.145 808.733
163.039 226.136 176.885 220.423
163.039 226.136 145.493 194.742
163.039 226.136 112.627 250.459
163.039 226.136 160.41 246.382
163.039 226.136 167.27 232.868
82.3489 699.001 102.408 721.309
82.3489 699.001 115.488 706.969
82.3489 699.001 109.731 656.879
82.3489 699.001 55.0051 651.654
82.3489 699.001 33.0282 702.375
234.12 127.16 220.639 133.557
234.12 127.16 208.892 97.5062
368.625 857.696 358.674 849.083
368.625 857.696 333.977 863.532
368.625 857.696 367.556 901.834
368.625 857.696 379.813 849.853
689.656 201.087 673.403 206.065
689.656 201.087 690.197 212.617
689.656 201.087 708.872 214.584
689.656 201.087 715.108 200.458
689.656 201.087 730.678 172.002
689.656 201.087 728.365 161.51
689.656 201.087 682.11 144.965
13.1423 763.624 33.0282 702.375
13.1423 763.624 19.626 827.823
13.1423 763.624 28.1228 764.767
184.213 235.599 204.093 232.136
184.213 235.599 176.885 220.423
184.213 235.599 167.27 232.868
184.213 235.599 160.41 246.382
184.213 235.599 202.319 266.703
54.297 876.697 26.8344 876.618
54.297 876.697 34.999 932.158
54.297 876.697 76.9351 916.32
54.297 876.697 71.6664 875.232
54.297 876.697 62.2184 872.976
54.297 876.697 57.017 857.143
885.486 936.927 900.944 899.88
885.486 936.927 860.036 908.95
885.486 936.927 860.072 953.591
885.486 936.927 918.602 936.504
175.58 321.922 152.67 312.602
175.58 321.922 146.443 358.63
175.58 321.922 174.004 372.159
175.58 321.922 187.558 376.475
175.58 321.922 211.221 380.757
175.58 321.922 219.872 292.202
175.58 321.922 199.09 281.286
175.58 321.922 168.553 287.302
985.789 162.713 992.865 163.418
985.789 162.713 983.881 159.926
985.789 162.713 980.367 169.709
938.363 643.997 970.521 608.748
938.363 643.997 939.118 606.785
938.363 643.997 926.625 625.419
938.363 643.997 915.817 640.155
442.821 777.723 444.013 778.219
442.821 777.723 447.189 773.404
442.821 777.723 428.637 753.316
442.821 777.723 394.14 769.475
442.821 777.723 409.754 814.282
340.833 131.522 352.666 176.293
340.833 131.522 404.797 125.038
340.833 131.522 367.192 103.718
340.833 131.522 298.354 84.5912
725.349 366.313 708.618 416.777
725.349 366.313 744.448 391.544
725.349 366.313 755.422 362.681
866.038 773.19 859.661 749.134
866.038 773.19 849.359 757.851
866.038 773.19 829.72 766.262
866.038 773.19 854.029 815.288
866.038 773.19 860.828 819.157
866.038 773.19 952.811 814.627
866.038 773.19 931.529 739.727
655.235 420.443 610.995 389.076
655.235 420.443 633.235 416.742
655.235 420.443 672.995 439.123
655.235 420.443 669.812 425.526
473.192 623.929 468.167 598.285
473.192 623.929 428.414 609.319
473.192 623.929 426.879 648.992
473.192 623.929 447.492 682.191
473.192 623.929 524.964 640.654
263.746 769.784 263.619 776.135
263.746 769.784 299.554 760.099
263.746 769.784 246.729 750.192
263.746 769.784 243.862 786.563
566.128 87.9195 580.275 100.432
566.128 87.9195 591.948 59.6544
566.128 87.9195 535.025 59.0107
141.636 302.735 168.553 287.302
141.636 302.735 112.627 250.459
141.636 302.735 103.254 273.92
141.636 302.735 87.7835 312.672
141.636 302.735 110.153 365.429
141.636 302.735 146.443 358.63
141.636 302.735 152.67 312.602
752.224 719.641 809.852 735.925
752.224 719.641 784.688 699.591
752.224 719.641 749.464 690.285
752.224 719.641 728.34 714.456
752.224 719.641 746.216 748.209
691.11 64.5333 703.097 79.0915
691.11 64.5333 705.402 75.4717
691.11 64.5333 713.588 48.2018
691.11 64.5333 669.705 37.7142
691.11 64.5333 676.582 80.5822
581.827 996.059 603.974 995.526
581.827 996.059 591.994 965.072
581.827 996.059 555.297 995.481
466.351 24.7698 482.199 19.0167
466.351 24.7698 461.016 18.9675
466.351 24.7698 448.233 44.4766
466.351 24.7698 451.01 46.7227
466.351 24.7698 476.308 69.665
213.207 414.182 234.315 420.896
213.207 414.182 216.716 386.767
213.207 414.182 209.813 393.421
213.207 414.182 213.618 429.148
185.374 835.104 192.608 866.185
185.374 835.104 212.16 851.921
185.374 835.104 209.06 824.905
185.374 835.104 205.415 793.528
185.374 835.104 149.01 801.883
185.374 835.104 136.231 854.533
467.173 817.46 431.661 831.387
467.173 817.46 469.915 860.198
467.173 817.46 491.92 851.937
467.173 817.46 494.322 778.927
467.173 817.46 447.189 773.404
467.173 817.46 444.013 778.219
325.834 394.445 341.669 389.043
325.834 394.445 341.732 357.565
325.834 394.445 314.406 390.619
325.834 394.445 303.747 395.466
325.834 394.445 335.346 425.763
510.776 910.829 494.74 929.74
510.776 910.829 516.422 960.691
510.776 910.829 546.93 918.075
510.776 910.829 506.748 882.72
510.776 910.829 460.236 923.425
942.107 150.726 883.265 197.738
942.107 150.726 966.832 204.684
942.107 150.726 980.367 169.709
942.107 150.726 952.85 146.03
942.107 150.726 942.099 141.616
490.272 503.177 514.985 520.599
490.272 503.177 532.563 486.288
490.272 503.177 498.195 467.57
903.613 275.718 883.4 268.333
903.613 275.718 893.969 292.88
903.613 275.718 967.996 295.524
903.613 275.718 947.171 257.662
903.613 275.718 895.055 262.741
902.252 47.1862 907.12 58.3194
902.252 47.1862 937.427 17.5699
902.252 47.1862 870.389 14.4928
902.252 47.1862 858.116 29.2358
306.14 535.012 364.629 527.42
306.14 535.012 325.953 487.276
306.14 535.012 296.111 549.947
306.14 535.012 333.646 564.537
960.46 366.519 974.732 367.76
960.46 366.519 934.654 357.258
960.46 366.519 939.113 361.994
960.46 366.519 954.534 399.252
583.682 659.514 630.51 641.683
583.682 659.514 586.794 645.802
583.682 659.514 574.007 641.59
583.682 659.514 573.65 668.174
371.91 516.957 369.876 485.273
371.91 516.957 364.629 527.42
371.91 516.957 367.164 527.873
371.91 516.957 384.958 535.161
371.91 516.957 435.566 512.078
44.3746 538.491 16.9739 511.728
44.3746 538.491 42.3678 575.293
44.3746 538.491 75.7743 561.559
580.275 100.432 647.703 99.9214
580.275 100.432 591.948 59.6544
580.275 100.432 593.987 154.141
580.275 100.432 627.707 143.851
816.211 641.703 757.867 632.557
816.211 641.703 797.661 668.92
816.211 641.703 830.622 629.886
816.211 641.703 823.261 630.816
816.211 641.703 819.193 618.845
167.929 634.231 193.755 636.101
167.929 634.231 179.254 598.041
167.929 634.231 151.077 614.815
167.929 634.231 151.073 654.077
931.529 739.727 952.811 814.627
931.529 739.727 982.149 801.219
931.529 739.727 991.102 698.223
931.529 739.727 913.022 672.234
931.529 739.727 859.661 749.134
362.883 61.1399 303.003 69.0816
362.883 61.1399 367.183 79.0307
362.883 61.1399 370.312 54.4383
480.752 564.113 457.543 557.066
480.752 564.113 468.167 598.285
813.381 699.477 797.661 668.92
813.381 699.477 784.688 699.591
813.381 699.477 809.852 735.925
70.5907 2.03477 31.66 1.97179
70.5907 2.03477 58.6726 11.0114
70.5907 2.03477 86.0302 7.18171
70.5907 2.03477 168.178 4.39822
70.5907 2.03477 452.756 5.64456
70.5907 2.03477 612.752 3.91206
70.5907 2.03477 972.477 0.00626567
972.477 0.00626567 612.752 3.91206
972.477 0.00626567 870.389 14.4928
972.477 0.00626567 937.427 17.5699
972.477 0.00626567 981.169 66.0737
314.811 596.175 345.898 612.439
314.811 596.175 310.049 579.728
314.811 596.175 298.57 573.295
314.811 596.175 290.677 620.829
227.608 803.63 234.234 788.704
227.608 803.63 205.415 793.528
227.608 803.63 209.06 824.905
227.608 803.63 221.906 842.968
227.608 803.63 246.148 811.201
202.319 266.703 218.562 272.493
202.319 266.703 219.152 248.754
202.319 266.703 204.093 232.136
202.319 266.703 168.553 287.302
202.319 266.703 199.09 281.286
202.319 266.703 208.136 282.973
586.794 645.802 567.751 607.855
586.794 645.802 574.007 641.59
586.794 645.802 630.51 641.683
213.618 429.148 211.42 452.174
213.618 429.148 234.315 420.896
353.631 953.473 360.214 921.683
353.631 953.473 331.978 951.619
353.631 953.473 353.456 975.788
353.631 953.473 378.838 947.85
220.639 133.557 217.737 191.401
220.639 133.557 208.892 97.5062
220.639 133.557 194.652 101.678
220.639 133.557 159.145 181.561
682.496 136.822 684.852 107.076
682.496 136.822 650.934 155.022
682.496 136.822 682.11 144.965
682.496 136.822 690.755 139.856
259.499 719.747 245.704 696.26
259.499 719.747 246.729 750.192
259.499 719.747 271.432 736.285
259.499 719.747 275.877 737.805
196.651 997.153 271.071 991.622
196.651 997.153 240.794 977.116
196.651 997.153 227.024 974.157
196.651 997.153 169.041 993.233
61.241 156.116 47.0327 194.513
61.241 156.116 107.314 142.256
61.241 156.116 46.6009 153.205
351.874 619.122 369.621 645.655
351.874 619.122 372.23 606.855
351.874 619.122 345.898 612.439
146.443 358.63 174.004 372.159
146.443 358.63 152.67 312.602
146.443 358.63 110.153 365.429
862.992 520.889 865.346 548.69
950.273 907.256 916.494 872.381
950.273 907.256 905.01 883.197
950.273 907.256 900.944 899.88
950.273 907.256 924.544 933.427
950.273 907.256 949.778 939.316
950.273 907.256 979.397 931.441
950.273 907.256 997.924 907.555
950.273 907.256 991.59 880.278
950.273 907.256 961.115 847.888
367.556 901.834 333.977 863.532
367.556 901.834 320.095 876.861
367.556 901.834 325.281 908.209
367.556 901.834 360.214 921.683
367.556 901.834 391.218 917.344
327.499 16.7438 293.181 35.0208
327.499 16.7438 353.425 6.61062
327.499 16.7438 323.852 7.25077
930.085 583.021 926.625 625.419
930.085 583.021 939.118 606.785
930.085 583.021 973.169 582.336
930.085 583.021 934.867 547.478
930.085 583.021 920.33 569.214
916.494 872.381 961.115 847.888
916.494 872.381 949.451 832.153
916.494 872.381 910.694 864.248
916.494 872.381 905.01 883.197
136.231 854.533 113.458 844.531
136.231 854.533 110.149 866.305
136.231 854.533 134.455 915.491
136.231 854.533 149.01 801.883
136.231 854.533 124.421 830.736
627.707 143.851 593.987 154.141
627.707 143.851 629.866 160.616
627.707 143.851 650.934 155.022
627.707 143.851 647.703 99.9214
610.937 866.559 593.189 844.82
610.937 866.559 589.593 863.881
610.937 866.559 603.941 900.553
610.937 866.559 616.158 895.451
610.937 866.559 642.054 890.322
610.937 866.559 622.166 844.506
367.164 527.873 364.629 527.42
367.164 527.873 384.958 535.161
296.111 549.947 237.807 534.952
296.111 549.947 294.03 567.101
296.111 549.947 298.57 573.295
296.111 549.947 310.049 579.728
296.111 549.947 333.646 564.537
187.135 577.584 165.453 549.707
187.135 577.584 166.17 580.732
187.135 577.584 179.254 598.041
187.135 577.584 234.835 628.815
187.135 577.584 248.035 584.218
187.135 577.584 237.807 534.952
548.482 771.319 597.392 749.331
548.482 771.319 553.519 730.003
548.482 771.319 541.058 765.198
548.482 771.319 521.226 785.078
548.482 771.319 524.506 791.754
763.549 25.9106 612.752 3.91206
763.549 25.9106 669.705 37.7142
763.549 25.9106 713.588 48.2018
784.384 485.026 738.135 490.826
784.384 485.026 781.999 494.976
784.384 485.026 822.263 479.531
784.384 485.026 799.383 467.134
784.384 485.026 762.218 449.628
858.116 29.2358 870.389 14.4928
858.116 29.2358 837.924 18.8861
858.116 29.2358 816.04 47.0612
332.442 730.151 299.554 760.099
332.442 730.151 323.485 769.979
332.442 730.151 334.894 729.512
332.442 730.151 313.938 723.612
812.004 239.789 811.853 239.468
812.004 239.789 811.173 244.357
194.652 101.678 208.892 97.5062
194.652 101.678 198.75 89.3411
194.652 101.678 159.145 181.561
204.093 232.136 231.307 219.512
204.093 232.136 217.737 191.401
204.093 232.136 176.885 220.423
204.093 232.136 219.152 248.754
981.169 66.0737 937.427 17.5699
981.169 66.0737 945.025 80.3609
981.169 66.0737 953.985 87.5512
981.169 66.0737 984.673 95.792
364.629 527.42 325.953 487.276
364.629 527.42 333.646 564.537
451.776 276.647 410.441 221.584
451.776 276.647 349.305 301.044
451.776 276.647 380.416 335.415
451.776 276.647 446.995 336.416
451.776 276.647 465.29 326.696
451.776 276.647 497.498 290.2
451.776 276.647 472.938 267.938
932.875 496.214 879.009 492.28
932.875 496.214 914.238 541.516
932.875 496.214 935.537 498.104
270.346 445.769 283.645 435.774
270.346 445.769 254.83 411.338
270.346 445.769 231.401 475.158
270.346 445.769 294.97 495.659
866.342 150.233 883.265 197.738
866.342 150.233 892.666 128.038
866.342 150.233 820.126 140.787
918.602 936.504 939.44 947.495
918.602 936.504 924.544 933.427
918.602 936.504 900.944 899.88
172.206 35.0082 185.13 51.6147
172.206 35.0082 180.017 29.052
543.716 284.482 488.013 263.467
543.716 284.482 497.498 290.2
543.716 284.482 543.5 344.74
543.716 284.482 578.984 267.695
543.716 284.482 557.788 267.917
31.66 1.97179 1.55961 57.7062
31.66 1.97179 38.3465 60.6574
31.66 1.97179 52.6487 51.8127
31.66 1.97179 58.6726 11.0114
151.077 614.815 151.073 654.077
151.077 614.815 179.254 598.041
151.077 614.815 158.27 593.498
151.077 614.815 134.081 602.341
151.077 614.815 124.938 619.011
151.077 614.815 132.979 653.936
382.257 610.731 372.23 606.855
382.257 610.731 369.621 645.655
382.257 610.731 405.418 617.798
382.257 610.731 397.462 573.229
729.952 452.888 733.423 454.895
729.952 452.888 762.218 449.628
729.952 452.888 744.448 391.544
729.952 452.888 725.026 450.696
107.314 142.256 110.343 102.653
131.947 968.442 141.254 957.315
131.947 968.442 140.634 956.831
131.947 968.442 106.438 989.081
131.947 968.442 139.968 989.527
892.666 128.038 942.099 141.616
892.666 128.038 909.62 93.4018
38.8291 606.931 42.3678 575.293
38.8291 606.931 41.3246 617.087
38.8291 606.931 44.3993 610.991
167.27 232.868 176.885 220.423
167.27 232.868 160.41 246.382
484.787 68.3144 500.956 66.4659
484.787 68.3144 476.308 69.665
484.787 68.3144 466.669 84.6605
141.342 683.257 115.488 706.969
141.342 683.257 132.979 653.936
141.342 683.257 109.731 656.879
230.527 907.386 233.887 878.424
230.527 907.386 174.854 900.591
230.527 907.386 214.981 936.939
219.152 248.754 242.405 230.775
219.152 248.754 231.307 219.512
219.152 248.754 218.562 272.493
225.699 652.955 234.835 628.815
225.699 652.955 231.164 679.34
7.90594 91.3529 40.4727 124.476
7.90594 91.3529 45.7679 85.5888
7.90594 91.3529 38.3465 60.6574
7.90594 91.3529 1.55961 57.7062
691.23 861.796 645.86 831.407
691.23 861.796 642.054 890.322
691.23 861.796 709.199 890.506
691.23 861.796 714.535 880.939
947.171 257.662 966.832 204.684
947.171 257.662 889.854 219.529
947.171 257.662 889.153 221.52
947.171 257.662 895.055 262.741
947.171 257.662 967.996 295.524
947.171 257.662 984.431 277.915
199.09 281.286 168.553 287.302
199.09 281.286 219.872 292.202
199.09 281.286 208.136 282.973
610.52 901.877 591.994 965.072
610.52 901.877 630.692 913.758
610.52 901.877 616.158 895.451
610.52 901.877 603.941 900.553
19.626 827.823 30.5042 842.897
19.626 827.823 69.7546 790.831
19.626 827.823 28.1228 764.767
642.054 890.322 645.86 831.407
642.054 890.322 622.166 844.506
642.054 890.322 616.158 895.451
642.054 890.322 630.692 913.758
642.054 890.322 679.579 948.427
642.054 890.322 709.199 890.506
94.2017 865.903 110.149 866.305
94.2017 865.903 113.458 844.531
94.2017 865.903 86.7977 824.23
94.2017 865.903 84.3145 867.909
94.2017 865.903 84.2173 870.323
518.629 861.275 491.92 851.937
518.629 861.275 506.748 882.72
518.629 861.275 544.071 860.552
518.629 861.275 552.079 838.745
5.48941 485.735 22.6766 350.368
5.48941 485.735 7.33731 302.191
5.48941 485.735 16.9739 511.728
5.48941 485.735 15.4994 476.185
553.569 166.352 569.453 179.788
553.569 166.352 593.987 154.141
553.569 166.352 491.754 142.902
690.166 975.457 690.96 978.219
690.166 975.457 710.977 962.926
690.166 975.457 679.579 948.427
271.148 689.595 287.67 684.561
271.148 689.595 245.704 696.26
234.315 420.896 254.83 411.338
234.315 420.896 216.716 386.767
102.24 421.502 113.973 426.097
102.24 421.502 99.3327 426.834
461.433 430.754 461.514 434.999
461.433 430.754 465.13 439
461.433 430.754 428.152 417.558
757.867 632.557 797.661 668.92
757.867 632.557 819.193 618.845
757.867 632.557 766.065 602.515
757.867 632.557 744.073 626.861
757.867 632.557 749.464 690.285
566.197 422.6 578.737 425.465
566.197 422.6 595.741 408.52
566.197 422.6 526.96 418.488
566.197 422.6 537.966 448.649
566.197 422.6 558.232 462.99
603.059 432.824 633.235 416.742
603.059 432.824 595.741 408.52
603.059 432.824 578.737 425.465
231.401 475.158 224.284 469.439
978.818 514.811 947.706 515.115
978.818 514.811 955.485 539.695
978.818 514.811 994.419 546.813
978.818 514.811 947.178 485.936
978.818 514.811 944.509 494.654
669.812 425.526 672.995 439.123
669.812 425.526 708.618 416.777
782.289 196.96 811.853 239.468
782.289 196.96 813.33 208.449
782.289 196.96 748.637 221.356
145.493 194.742 85.9129 229.924
145.493 194.742 112.627 250.459
487.891 730.906 509.098 707.826
487.891 730.906 490.762 703.311
487.891 730.906 509.753 762.175
487.891 730.906 512.547 746.899
28.1228 764.767 69.7546 790.831
28.1228 764.767 71.7763 785.693
28.1228 764.767 33.0282 702.375
109.731 656.879 132.979 653.936
109.731 656.879 109.507 647.486
109.731 656.879 115.488 706.969
444.013 778.219 447.189 773.404
444.013 778.219 409.754 814.282
444.013 778.219 431.661 831.387
593.987 154.141 569.453 179.788
593.987 154.141 606.11 178.1
593.987 154.141 612.816 177.788
593.987 154.141 629.866 160.616
602.232 834.945 593.189 844.82
602.232 834.945 622.166 844.506
602.232 834.945 601.171 828.432
487.855 199.563 494.649 225.189
487.855 199.563 520.622 202.453
487.855 199.563 491.754 142.902
487.855 199.563 454.107 197.273
409.071 700.175 443.085 680.556
409.071 700.175 401.748 673.037
409.071 700.175 406.977 718.541
409.071 700.175 435.416 726.908
174.854 900.591 214.981 936.939
174.854 900.591 160.179 910.792
558.907 923.89 546.93 918.075
558.907 923.89 554.308 954.016
558.907 923.89 591.994 965.072
532.563 486.288 504.731 461.46
532.563 486.288 498.195 467.57
532.563 486.288 514.985 520.599
532.563 486.288 552.303 482.806
532.563 486.288 558.232 462.99
532.563 486.288 537.966 448.649
158.27 593.498 179.254 598.041
158.27 593.498 166.17 580.732
158.27 593.498 142.653 580.371
158.27 593.498 134.081 602.341
406.977 718.541 385.437 736.347
58.6726 11.0114 52.6487 51.8127
58.6726 11.0114 86.0302 7.18171
240.794 977.116 227.024 974.157
240.794 977.116 271.071 991.622
820.726 361.6 761.727 320.691
820.726 361.6 762.322 367.05
820.726 361.6 837.318 339.278
333.783 314.604 349.305 301.044
333.783 314.604 341.732 357.565
369.621 645.655 372.23 606.855
369.621 645.655 358.241 666.895
46.6009 153.205 40.4727 124.476
46.6009 153.205 47.0327 194.513
567.751 607.855 574.007 641.59
567.751 607.855 588.188 586.391
633.235 416.742 610.995 389.076
633.235 416.742 595.741 408.52
245.704 696.26 229.875 693.267
645.86 831.407 622.166 844.506
645.86 831.407 667.558 799.586
645.86 831.407 621.247 791.614
334.894 729.512 313.938 723.612
591.994 965.072 554.308 954.016
591.994 965.072 555.297 995.481
591.994 965.072 603.974 995.526
591.994 965.072 630.692 913.758
591.994 965.072 603.941 900.553
553.802 26.8041 612.752 3.91206
553.802 26.8041 482.199 19.0167
553.802 26.8041 514.77 44.9716
553.802 26.8041 535.025 59.0107
553.802 26.8041 591.948 59.6544
497.498 290.2 465.29 326.696
497.498 290.2 512.893 363.617
497.498 290.2 543.5 344.74
497.498 290.2 488.013 263.467
497.498 290.2 472.938 267.938
7.33731 302.191 22.6766 350.368
7.33731 302.191 32.9645 349.297
7.33731 302.191 42.2149 292.066
428.637 753.316 447.189 773.404
428.637 753.316 451.841 735.437
428.637 753.316 425.502 741.339
452.756 5.64456 400.283 50.0983
452.756 5.64456 448.233 44.4766
452.756 5.64456 461.016 18.9675
452.756 5.64456 482.199 19.0167
452.756 5.64456 612.752 3.91206
452.756 5.64456 168.178 4.39822
452.756 5.64456 353.425 6.61062
672.995 439.123 725.026 450.696
672.995 439.123 708.618 416.777
407.436 551.991 457.543 557.066
407.436 551.991 435.566 512.078
407.436 551.991 384.958 535.161
407.436 551.991 397.462 573.229
294.97 495.659 325.953 487.276
294.97 495.659 283.645 435.774
333.977 863.532 358.674 849.083
333.977 863.532 304.299 834.317
333.977 863.532 307.937 872.735
333.977 863.532 320.095 876.861
110.149 866.305 113.458 844.531
110.149 866.305 84.2173 870.323
110.149 866.305 76.9351 916.32
110.149 866.305 134.455 915.491
870.389 14.4928 837.924 18.8861
870.389 14.4928 937.427 17.5699
909.62 93.4018 942.099 141.616
909.62 93.4018 955.034 95.9763
909.62 93.4018 945.025 80.3609
909.62 93.4018 907.12 58.3194
849.359 757.851 859.661 749.134
849.359 757.851 809.852 735.925
849.359 757.851 829.72 766.262
346.509 995.458 353.456 975.788
346.509 995.458 271.071 991.622
549.373 231.068 520.622 202.453
549.373 231.068 557.788 267.917
549.373 231.068 568.199 248.439
198.75 89.3411 208.892 97.5062
198.75 89.3411 238.571 55.5241
198.75 89.3411 185.13 51.6147
494.74 929.74 460.236 923.425
494.74 929.74 489.481 959.656
494.74 929.74 516.422 960.691
755.422 362.681 762.322 367.05
755.422 362.681 761.727 320.691
443.085 680.556 401.748 673.037
443.085 680.556 435.416 726.908
443.085 680.556 447.492 682.191
443.085 680.556 426.879 648.992
720.93 552.801 723.339 535.012
720.93 552.801 718.894 571.734
784.688 699.591 797.661 668.92
784.688 699.591 749.464 690.285
784.688 699.591 809.852 735.925
790.095 858.579 772.629 860.45
790.095 858.579 776.138 871.278
790.095 858.579 815.259 885.69
790.095 858.579 852.494 823.934
790.095 858.579 772.304 804.813
504.731 461.46 537.966 448.649
504.731 461.46 520.68 420.179
504.731 461.46 465.13 439
504.731 461.46 498.195 467.57
16.9739 511.728 42.3678 575.293
16.9739 511.728 70.2451 513.12
16.9739 511.728 15.4994 476.185
936.867 433.937 936.027 418.039
936.867 433.937 933.463 437.387
936.867 433.937 956.063 444.745
494.322 778.927 447.189 773.404
494.322 778.927 521.226 785.078
494.322 778.927 509.753 762.175
945.025 80.3609 937.427 17.5699
945.025 80.3609 907.12 58.3194
945.025 80.3609 955.034 95.9763
945.025 80.3609 953.985 87.5512
509.098 707.826 490.762 703.311
509.098 707.826 512.531 708.308
509.098 707.826 524.964 640.654
367.183 79.0307 367.192 103.718
367.183 79.0307 380.451 81.4141
367.183 79.0307 303.003 69.0816
367.183 79.0307 298.354 84.5912
174.004 372.159 187.558 376.475
955.034 95.9763 984.673 95.792
955.034 95.9763 953.985 87.5512
610.995 389.076 607.659 309.982
610.995 389.076 574.331 368.784
610.995 389.076 595.741 408.52
454.107 197.273 416.761 221.052
454.107 197.273 485.276 257.012
454.107 197.273 494.649 225.189
762.322 367.05 787.759 393.658
762.322 367.05 761.727 320.691
692.031 97.5465 713.029 125.183
692.031 97.5465 703.097 79.0915
692.031 97.5465 684.852 107.076
176.885 220.423 217.737 191.401
246.148 811.201 221.906 842.968
246.148 811.201 234.234 788.704
264.742 567.826 237.807 534.952
264.742 567.826 248.035 584.218
264.742 567.826 290.677 620.829
264.742 567.826 298.57 573.295
52.9167 446.475 15.4994 476.185
630.692 913.758 679.579 948.427
630.692 913.758 616.158 895.451
353.456 975.788 331.978 951.619
353.456 975.788 378.838 947.85
961.115 847.888 949.451 832.153
961.115 847.888 991.59 880.278
961.115 847.888 992.897 866.047
961.115 847.888 982.149 801.219
961.115 847.888 952.811 814.627
867.784 858.274 815.259 885.69
867.784 858.274 856.975 905.185
867.784 858.274 905.01 883.197
867.784 858.274 910.694 864.248
867.784 858.274 860.828 819.157
867.784 858.274 852.494 823.934
353.425 6.61062 323.852 7.25077
353.425 6.61062 168.178 4.39822
744.073 626.861 766.065 602.515
744.073 626.861 725.796 619.84
744.073 626.861 699.156 659.123
744.073 626.861 749.464 690.285
485.276 257.012 488.013 263.467
485.276 257.012 494.649 225.189
485.276 257.012 472.938 267.938
491.754 142.902 500.956 66.4659
491.754 142.902 466.669 84.6605
491.754 142.902 439.634 103.751
967.996 295.524 991.817 279.149
967.996 295.524 984.431 277.915
718.894 571.734 766.065 602.515
718.894 571.734 698.642 569.258
718.894 571.734 691.885 585.407
718.894 571.734 725.796 619.84
731.582 775.146 675.007 783.852
731.582 775.146 714.071 812.413
731.582 775.146 736.157 782.165
731.582 775.146 747.022 773.571
731.582 775.146 746.216 748.209
813.283 410.83 787.759 393.658
813.283 410.83 762.218 449.628
813.283 410.83 803.589 456.332
813.283 410.83 822.263 479.531
813.283 410.83 885.198 417.06
587.103 524.389 571.228 539.494
587.103 524.389 598.839 533.905
271.432 736.285 246.729 750.192
271.432 736.285 275.877 737.805
425.502 741.339 451.841 735.437
425.502 741.339 435.416 726.908
113.458 844.531 124.421 830.736
113.458 844.531 86.7977 824.23
287.67 684.561 313.938 723.612
287.67 684.561 345.987 674.899
661.595 249.164 713.575 267.351
661.595 249.164 713.267 249.158
661.595 249.164 693.273 229.6
661.595 249.164 673.403 206.065
661.595 249.164 655.088 206.167
661.595 249.164 632.843 254.077
661.595 249.164 659.755 256.468
482.199 19.0167 612.752 3.91206
482.199 19.0167 461.016 18.9675
482.199 19.0167 514.77 44.9716
404.797 125.038 412.172 126.258
404.797 125.038 411.628 104.518
404.797 125.038 367.192 103.718
333.424 482.227 325.953 487.276
400.283 50.0983 411.825 63.2955
400.283 50.0983 448.233 44.4766
400.283 50.0983 370.312 54.4383
428.414 609.319 468.167 598.285
428.414 609.319 457.543 557.066
428.414 609.319 397.462 573.229
428.414 609.319 405.418 617.798
428.414 609.319 426.879 648.992
99.3327 426.834 113.973 426.097
568.99 476.02 558.232 462.99
568.99 476.02 552.303 482.806
380.451 81.4141 411.628 104.518
380.451 81.4141 411.825 63.2955
380.451 81.4141 367.192 103.718
193.755 636.101 234.835 628.815
193.755 636.101 179.254 598.041
591.948 59.6544 647.703 99.9214
591.948 59.6544 669.705 37.7142
591.948 59.6544 612.752 3.91206
591.948 59.6544 535.025 59.0107
815.259 885.69 776.138 871.278
815.259 885.69 760.733 885.974
815.259 885.69 779.604 956.157
815.259 885.69 856.975 905.185
815.259 885.69 852.494 823.934
142.941 795.447 174.703 762.672
142.941 795.447 124.036 756.453
142.941 795.447 71.7763 785.693
142.941 795.447 86.7977 824.23
142.941 795.447 124.421 830.736
142.941 795.447 149.01 801.883
310.631 215.57 335.594 223.809
970.521 608.748 973.169 582.336
970.521 608.748 939.118 606.785
760.733 885.974 776.138 871.278
760.733 885.974 772.629 860.45
760.733 885.974 758.197 854.574
760.733 885.974 737.802 847.524
760.733 885.974 714.535 880.939
760.733 885.974 709.199 890.506
760.733 885.974 715.42 925.71
760.733 885.974 779.604 956.157
416.761 221.052 395.336 204.333
416.761 221.052 410.441 221.584
439.634 103.751 466.669 84.6605
439.634 103.751 411.628 104.518
439.634 103.751 433.406 113.544
774.786 781.586 809.852 735.925
774.786 781.586 746.216 748.209
774.786 781.586 747.022 773.571
774.786 781.586 772.304 804.813
816.04 47.0612 837.924 18.8861
75.7743 561.559 42.3678 575.293
75.7743 561.559 113.809 560.079
75.7743 561.559 106.304 542.212
75.7743 561.559 79.5681 538.658
578.984 267.695 632.843 254.077
578.984 267.695 568.199 248.439
578.984 267.695 557.788 267.917
578.984 267.695 607.659 309.982
578.984 267.695 633.888 284.18
915.817 640.155 912.12 670.724
915.817 640.155 926.625 625.419
509.753 762.175 521.226 785.078
509.753 762.175 541.058 765.198
509.753 762.175 512.547 746.899
779.604 956.157 754.274 975.761
779.604 956.157 753.91 985.08
779.604 956.157 814.702 978.456
554.308 954.016 546.93 918.075
554.308 954.016 516.422 960.691
554.308 954.016 540.02 991.243
554.308 954.016 555.297 995.481
411.858 910.738 425.653 885.12
411.858 910.738 416.393 945.044
411.858 910.738 431.935 949.752
411.858 910.738 460.236 923.425
733.423 454.895 762.218 449.628
733.423 454.895 728.923 474.453
621.247 791.614 596.045 814.583
621.247 791.614 626.062 780.995
684.372 550.068 705.868 537.696
684.372 550.068 668.077 523.019
597.392 749.331 553.519 730.003
597.392 749.331 626.062 780.995
209.06 824.905 212.16 851.921
209.06 824.905 221.906 842.968
209.06 824.905 205.415 793.528
305.808 900.852 325.281 908.209
305.808 900.852 320.095 876.861
305.808 900.852 307.937 872.735
465.29 326.696 446.995 336.416
465.29 326.696 512.893 363.617
820.126 140.787 798.644 143.298
871.225 277.015 883.4 268.333
871.225 277.015 856.972 267.889
871.225 277.015 861.968 303.332
871.225 277.015 893.969 292.88
234.234 788.704 208.468 758.303
234.234 788.704 205.415 793.528
234.234 788.704 243.862 786.563
234.234 788.704 246.729 750.192
920.33 569.214 867.864 588.182
920.33 569.214 934.867 547.478
920.33 569.214 914.238 541.516
814.702 978.456 753.91 985.08
814.702 978.456 933.398 978.598
910.694 864.248 949.451 832.153
910.694 864.248 860.828 819.157
910.694 864.248 905.01 883.197
830.622 629.886 824.957 612.789
830.622 629.886 819.193 618.845
830.622 629.886 823.261 630.816
780.092 565.806 766.065 602.515
780.092 565.806 808.957 591.209
780.092 565.806 816.921 577.052
629.726 525.929 668.077 523.019
629.726 525.929 626.58 509.509
411.825 63.2955 451.01 46.7227
411.825 63.2955 448.233 44.4766
358.241 666.895 345.987 674.899
626.58 509.509 668.077 523.019
431.935 949.752 416.393 945.044
431.935 949.752 417.817 953.387
431.935 949.752 467.219 967.335
431.935 949.752 460.236 923.425
713.588 48.2018 669.705 37.7142
713.588 48.2018 705.402 75.4717
713.588 48.2018 737.261 75.4502
788.174 134.334 798.644 143.298
788.174 134.334 769.987 110.995
788.174 134.334 774.702 140.332
788.174 134.334 778.675 153.777
211.42 452.174 224.284 469.439
211.42 452.174 173.494 477.774
211.42 452.174 180.082 481.407
803.589 456.332 762.218 449.628
803.589 456.332 799.383 467.134
803.589 456.332 822.263 479.531
992.865 163.418 966.832 204.684
992.865 163.418 991.817 279.149
992.865 163.418 984.673 95.792
992.865 163.418 983.881 159.926
341.669 389.043 341.732 357.565
341.669 389.043 335.346 425.763
341.669 389.043 367.594 392.64
341.669 389.043 358.184 373.752
813.33 208.449 823.494 216.644
813.33 208.449 811.853 239.468
283.645 435.774 335.346 425.763
283.645 435.774 303.747 395.466
283.645 435.774 254.83 411.338
283.645 435.774 325.953 487.276
512.893 363.617 488.059 394.403
512.893 363.617 543.398 385.636
512.893 363.617 543.5 344.74
837.318 339.278 861.968 303.332
384.958 535.161 435.566 512.078
384.958 535.161 397.462 573.229
557.788 267.917 568.199 248.439
900.944 899.88 924.544 933.427
900.944 899.88 905.01 883.197
900.944 899.88 856.975 905.185
900.944 899.88 860.036 908.95
811.853 239.468 748.637 221.356
811.853 239.468 811.173 244.357
431.661 831.387 425.653 885.12
431.661 831.387 469.915 860.198
431.661 831.387 409.754 814.282
431.661 831.387 379.813 849.853
218.798 740.154 246.729 750.192
218.798 740.154 229.875 693.267
218.798 740.154 186.656 733.862
218.798 740.154 208.468 758.303
867.864 588.182 824.957 612.789
867.864 588.182 865.346 548.69
447.492 682.191 435.416 726.908
447.492 682.191 451.841 735.437
447.492 682.191 426.879 648.992
569.453 179.788 606.11 178.1
465.13 439 498.195 467.57
465.13 439 461.514 434.999
335.346 425.763 303.747 395.466
335.346 425.763 399.721 447.321
335.346 425.763 398.257 435.318
134.455 915.491 76.9351 916.32
134.455 915.491 88.0791 929.57
134.455 915.491 140.634 956.831
134.455 915.491 160.179 910.792
952.85 146.03 983.881 159.926
952.85 146.03 984.673 95.792
952.85 146.03 942.099 141.616
952.85 146.03 980.367 169.709
922.971 383.717 936.027 418.039
922.971 383.717 954.534 399.252
922.971 383.717 939.113 361.994
922.971 383.717 934.654 357.258
922.971 383.717 908.002 379.801
922.971 383.717 905.226 407.929
553.519 730.003 573.65 668.174
553.519 730.003 512.531 708.308
553.519 730.003 525.321 727.65
553.519 730.003 541.058 765.198
192.608 866.185 225.192 865.555
192.608 866.185 212.16 851.921
225.192 865.555 233.887 878.424
225.192 865.555 221.906 842.968
225.192 865.555 212.16 851.921
546.93 918.075 516.422 960.691
796.292 280.889 823.419 299.507
796.292 280.889 819.551 278.534
796.292 280.889 811.173 244.357
796.292 280.889 770.617 277.907
796.292 280.889 761.727 320.691
219.872 292.202 240.539 289.607
219.872 292.202 208.136 282.973
219.872 292.202 211.221 380.757
34.999 932.158 26.8344 876.618
34.999 932.158 44.1685 965.036
34.999 932.158 73.777 943.989
34.999 932.158 76.9351 916.32
598.839 533.905 571.228 539.494
598.839 533.905 600.488 561.07
558.232 462.99 537.966 448.649
558.232 462.99 552.303 482.806
558.232 462.99 578.737 425.465
447.189 773.404 451.841 735.437
294.03 567.101 298.57 573.295
535.025 59.0107 514.77 44.9716
535.025 59.0107 500.956 66.4659
552.079 838.745 524.506 791.754
552.079 838.745 544.071 860.552
552.079 838.745 572.242 854.386
883.4 268.333 856.972 267.889
883.4 268.333 893.969 292.88
883.4 268.333 895.055 262.741
883.4 268.333 874.764 225.579
601.171 828.432 596.045 814.583
601.171 828.432 593.189 844.82
506.748 882.72 469.915 860.198
506.748 882.72 460.236 923.425
506.748 882.72 491.92 851.937
770.617 277.907 811.173 244.357
770.617 277.907 748.637 221.356
770.617 277.907 713.267 249.158
770.617 277.907 713.575 267.351
770.617 277.907 761.727 320.691
995.23 698.386 991.102 698.223
134.081 602.341 124.938 619.011
134.081 602.341 142.653 580.371
134.081 602.341 113.809 560.079
216.716 386.767 254.83 411.338
216.716 386.767 285.68 310.842
216.716 386.767 211.221 380.757
216.716 386.767 209.813 393.421
139.968 989.527 169.041 993.233
139.968 989.527 106.438 989.081
860.828 819.157 854.029 815.288
860.828 819.157 852.494 823.934
860.828 819.157 949.451 832.153
860.828 819.157 952.811 814.627
325.281 908.209 331.978 951.619
325.281 908.209 360.214 921.683
325.281 908.209 320.095 876.861
175.458 5.65812 323.852 7.25077
175.458 5.65812 168.178 4.39822
175.458 5.65812 160.849 11.6003
175.458 5.65812 180.017 29.052
669.705 37.7142 647.703 99.9214
669.705 37.7142 676.582 80.5822
669.705 37.7142 612.752 3.91206
861.968 303.332 893.969 292.88
861.968 303.332 856.972 267.889
861.968 303.332 823.419 299.507
861.968 303.332 834.826 312.445
466.669 84.6605 500.956 66.4659
466.669 84.6605 476.308 69.665
466.669 84.6605 451.01 46.7227
497.669 978.05 467.219 967.335
497.669 978.05 540.02 991.243
497.669 978.05 516.422 960.691
497.669 978.05 489.481 959.656
401.748 673.037 426.879 648.992
73.777 943.989 88.0791 929.57
73.777 943.989 76.9351 916.32
73.777 943.989 44.1685 965.036
73.777 943.989 78.3787 960.594
778.675 153.777 774.702 140.332
778.675 153.777 728.365 161.51
778.675 153.777 760.67 182.855
778.675 153.777 798.644 143.298
237.807 534.952 248.035 584.218
500.956 66.4659 514.77 44.9716
448.233 44.4766 451.01 46.7227
448.233 44.4766 461.016 18.9675
612.816 177.788 629.866 160.616
612.816 177.788 606.11 178.1
668.077 523.019 705.868 537.696
668.077 523.019 728.923 474.453
705.868 537.696 723.339 535.012
705.868 537.696 738.135 490.826
705.868 537.696 728.923 474.453
905.01 883.197 856.975 905.185
915.872 343.673 893.969 292.88
915.872 343.673 908.002 379.801
915.872 343.673 934.654 357.258
994.419 546.813 990.208 391.523
994.419 546.813 955.485 539.695
994.419 546.813 973.169 582.336
299.554 760.099 323.485 769.979
299.554 760.099 313.938 723.612
299.554 760.099 275.877 737.805
299.554 760.099 263.619 776.135
212.16 851.921 221.906 842.968
949.778 939.316 924.544 933.427
949.778 939.316 939.44 947.495
949.778 939.316 979.397 931.441
650.934 155.022 629.866 160.616
650.934 155.022 682.11 144.965
725.026 450.696 744.448 391.544
725.026 450.696 708.618 416.777
472.938 267.938 488.013 263.467
949.451 832.153 952.811 814.627
588.188 586.391 600.488 561.07
684.852 107.076 676.582 80.5822
684.852 107.076 647.703 99.9214
684.852 107.076 690.755 139.856
684.852 107.076 713.029 125.183
859.661 749.134 809.852 735.925
275.877 737.805 313.938 723.612
22.6766 350.368 32.9645 349.297
22.6766 350.368 15.4994 476.185
574.331 368.784 543.5 344.74
574.331 368.784 543.398 385.636
574.331 368.784 595.741 408.52
574.331 368.784 607.659 309.982
409.754 814.282 394.14 769.475
409.754 814.282 383.241 772.449
409.754 814.282 358.674 849.083
409.754 814.282 379.813 849.853
659.755 256.468 713.575 267.351
659.755 256.468 632.843 254.077
659.755 256.468 649.526 275.691
476.308 69.665 451.01 46.7227
358.674 849.083 379.813 849.853
358.674 849.083 383.241 772.449
358.674 849.083 351.501 773.447
595.741 408.52 578.737 425.465
62.2184 872.976 57.017 857.143
62.2184 872.976 71.6664 875.232
56.0196 97.1363 67.372 100.699
56.0196 97.1363 71.0846 86.4218
56.0196 97.1363 45.7679 85.5888
709.199 890.506 679.579 948.427
709.199 890.506 715.42 925.71
709.199 890.506 714.535 880.939
755.784 85.252 713.029 125.183
755.784 85.252 769.987 110.995
755.784 85.252 764.297 87.0202
755.784 85.252 737.261 75.4502
378.838 947.85 417.817 953.387
378.838 947.85 416.393 945.044
378.838 947.85 391.218 917.344
378.838 947.85 360.214 921.683
428.152 417.558 398.257 435.318
428.152 417.558 399.721 447.321
428.152 417.558 461.514 434.999
428.152 417.558 488.059 394.403
428.152 417.558 407.172 387.117
769.987 110.995 713.029 125.183
769.987 110.995 774.702 140.332
769.987 110.995 780.053 96.8048
769.987 110.995 764.297 87.0202
521.226 785.078 524.506 791.754
521.226 785.078 541.058 765.198
574.007 641.59 573.65 668.174
860.036 908.95 856.975 905.185
728.923 474.453 738.135 490.826
728.923 474.453 762.218 449.628
100.882 14.469 86.0302 7.18171
85.9129 229.924 112.627 250.459
85.9129 229.924 47.0327 194.513
85.9129 229.924 57.0976 255.74
185.13 51.6147 180.017 29.052
185.13 51.6147 238.571 55.5241
341.732 357.565 358.184 373.752
341.732 357.565 285.68 310.842
341.732 357.565 314.406 390.619
980.367 169.709 966.832 204.684
980.367 169.709 983.881 159.926
224.284 469.439 180.082 481.407
761.727 320.691 823.419 299.507
761.727 320.691 713.575 267.351
541.058 765.198 525.321 727.65
541.058 765.198 512.547 746.899
990.208 391.523 991.817 279.149
990.208 391.523 974.732 367.76
990.208 391.523 954.534 399.252
568.199 248.439 632.843 254.077
632.843 254.077 633.888 284.18
632.843 254.077 649.526 275.691
632.843 254.077 655.088 206.167
173.494 477.774 158.515 491.634
173.494 477.774 180.082 481.407
705.099 821.438 716.833 831.034
705.099 821.438 723.975 822.479
705.099 821.438 714.071 812.413
705.099 821.438 694.59 818.037
142.653 580.371 166.17 580.732
142.653 580.371 113.809 560.079
954.534 399.252 956.063 444.745
954.534 399.252 974.732 367.76
954.534 399.252 939.113 361.994
954.534 399.252 936.027 418.039
349.305 301.044 380.416 335.415
349.305 301.044 410.441 221.584
349.305 301.044 335.594 223.809
603.974 995.526 709.069 989.939
675.007 783.852 667.558 799.586
675.007 783.852 687.145 808.733
675.007 783.852 714.071 812.413
246.729 750.192 208.468 758.303
246.729 750.192 243.862 786.563
141.254 957.315 160.179 910.792
141.254 957.315 140.634 956.831
947.706 515.115 934.867 547.478
947.706 515.115 955.485 539.695
947.706 515.115 944.509 494.654
947.706 515.115 935.537 498.104
947.706 515.115 914.238 541.516
44.3993 610.991 41.3246 617.087
44.3993 610.991 58.2809 645.986
714.071 812.413 687.145 808.733
714.071 812.413 694.59 818.037
714.071 812.413 723.975 822.479
714.071 812.413 736.157 782.165
369.876 485.273 399.721 447.321
369.876 485.273 435.566 512.078
856.972 267.889 819.551 278.534
856.972 267.889 823.419 299.507
730.678 172.002 760.67 182.855
730.678 172.002 728.365 161.51
730.678 172.002 715.108 200.458
709.069 989.939 690.96 978.219
709.069 989.939 753.91 985.08
709.069 989.939 710.977 962.926
895.055 262.741 889.153 221.52
895.055 262.741 874.764 225.579
367.192 103.718 298.354 84.5912
367.192 103.718 411.628 104.518
730.861 837.568 737.802 847.524
730.861 837.568 723.975 822.479
730.861 837.568 716.833 831.034
710.977 962.926 690.96 978.219
710.977 962.926 715.42 925.71
710.977 962.926 679.579 948.427
939.118 606.785 926.625 625.419
939.118 606.785 973.169 582.336
103.254 273.92 112.627 250.459
103.254 273.92 87.7835 312.672
298.57 573.295 310.049 579.728
298.57 573.295 290.677 620.829
412.172 126.258 411.628 104.518
412.172 126.258 433.406 113.544
434.212 153.99 433.406 113.544
168.553 287.302 152.67 312.602
100.512 525.031 133.184 556.774
100.512 525.031 158.515 491.634
100.512 525.031 106.304 542.212
47.0327 194.513 57.0976 255.74
173.485 703.405 229.875 693.267
173.485 703.405 186.656 733.862
747.022 773.571 746.216 748.209
747.022 773.571 736.157 782.165
747.022 773.571 772.304 804.813
358.184 373.752 380.416 335.415
358.184 373.752 367.594 392.64
110.343 102.653 71.0846 86.4218
211.221 380.757 200.57 381.637
211.221 380.757 209.813 393.421
211.221 380.757 285.68 310.842
211.221 380.757 240.539 289.607
211.221 380.757 187.558 376.475
240.539 289.607 285.68 310.842
70.2451 513.12 15.4994 476.185
70.2451 513.12 79.5681 538.658
70.2451 513.12 78.0138 509.446
934.867 547.478 955.485 539.695
934.867 547.478 914.238 541.516
934.867 547.478 973.169 582.336
823.419 299.507 819.551 278.534
823.419 299.507 834.826 312.445
372.23 606.855 345.898 612.439
372.23 606.855 397.462 573.229
748.637 221.356 811.173 244.357
748.637 221.356 708.872 214.584
748.637 221.356 713.267 249.158
716.833 831.034 723.975 822.479
603.941 900.553 616.158 895.451
603.941 900.553 589.593 863.881
935.537 498.104 944.509 494.654
935.537 498.104 914.238 541.516
69.7546 790.831 71.7763 785.693
69.7546 790.831 30.5042 842.897
69.7546 790.831 86.7977 824.23
345.987 674.899 313.938 723.612
165.453 549.707 158.515 491.634
165.453 549.707 133.184 556.774
165.453 549.707 166.17 580.732
351.501 773.447 383.241 772.449
351.501 773.447 323.485 769.979
991.817 279.149 984.431 277.915
516.422 960.691 540.02 991.243
516.422 960.691 489.481 959.656
854.029 815.288 852.494 823.934
854.029 815.288 829.72 766.262
59.9838 352.156 83.5137 365.035
59.9838 352.156 87.7835 312.672
59.9838 352.156 32.9645 349.297
537.966 448.649 526.96 418.488
537.966 448.649 520.68 420.179
310.049 579.728 333.646 564.537
303.747 395.466 314.406 390.619
303.747 395.466 285.68 310.842
303.747 395.466 254.83 411.338
708.618 416.777 744.448 391.544
622.166 844.506 593.189 844.82
397.462 573.229 405.418 617.798
397.462 573.229 457.543 557.066
417.817 953.387 416.393 945.044
205.415 793.528 208.468 758.303
205.415 793.528 174.703 762.672
205.415 793.528 149.01 801.883
540.02 991.243 555.297 995.481
512.547 746.899 525.321 727.65
811.173 244.357 819.551 278.534
200.57 381.637 187.558 376.475
200.57 381.637 209.813 393.421
979.397 931.441 997.924 907.555
979.397 931.441 933.398 978.598
151.073 654.077 132.979 653.936
991.59 880.278 997.924 907.555
991.59 880.278 992.897 866.047
782.394 525.457 816.921 577.052
782.394 525.457 781.999 494.976
782.394 525.457 738.135 490.826
208.892 97.5062 238.571 55.5241
160.41 246.382 112.627 250.459
939.44 947.495 924.544 933.427
939.44 947.495 933.398 978.598
33.0282 702.375 55.0051 651.654
435.416 726.908 451.841 735.437
953.985 87.5512 984.673 95.792
982.149 801.219 992.897 866.047
982.149 801.219 952.811 814.627
908.002 379.801 885.198 417.06
908.002 379.801 905.226 407.929
908.002 379.801 934.654 357.258
410.441 221.584 335.594 223.809
410.441 221.584 395.336 204.333
53.0516 995.981 169.041 993.233
53.0516 995.981 106.438 989.081
53.0516 995.981 64.8518 977.013
53.0516 995.981 44.1685 965.036
874.764 225.579 889.153 221.52
874.764 225.579 889.854 219.529
874.764 225.579 883.265 197.738
149.01 801.883 174.703 762.672
149.01 801.883 124.421 830.736
947.178 485.936 956.063 444.745
947.178 485.936 944.509 494.654
375.099 401.285 398.257 435.318
375.099 401.285 407.172 387.117
375.099 401.285 367.594 392.64
488.059 394.403 446.995 336.416
488.059 394.403 407.172 387.117
488.059 394.403 487.036 411.221
488.059 394.403 520.68 420.179
488.059 394.403 543.398 385.636
179.254 598.041 234.835 628.815
179.254 598.041 166.17 580.732
772.304 804.813 736.157 782.165
772.304 804.813 758.197 854.574
772.304 804.813 772.629 860.45
764.297 87.0202 780.053 96.8048
124.938 619.011 109.507 647.486
124.938 619.011 132.979 653.936
236.101 220.219 231.307 219.512
236.101 220.219 242.405 230.775
667.558 799.586 687.145 808.733
208.468 758.303 186.656 733.862
208.468 758.303 174.703 762.672
238.571 55.5241 303.003 69.0816
781.999 494.976 738.135 490.826
781.999 494.976 822.263 479.531
906.617 432.665 879.009 492.28
906.617 432.665 933.463 437.387
906.617 432.665 936.027 418.039
906.617 432.665 905.226 407.929
906.617 432.665 885.198 417.06
997.924 907.555 992.897 866.047
799.383 467.134 822.263 479.531
799.383 467.134 762.218 449.628
293.181 35.0208 323.852 7.25077
293.181 35.0208 303.003 69.0816
746.216 748.209 728.34 714.456
746.216 748.209 809.852 735.925
490.762 703.311 524.964 640.654
490.762 703.311 451.841 735.437
435.566 512.078 457.543 557.066
87.7835 312.672 83.5137 365.035
87.7835 312.672 110.153 365.429
87.7835 312.672 77.6404 301.513
824.957 612.789 819.193 618.845
673.403 206.065 693.273 229.6
673.403 206.065 690.197 212.617
673.403 206.065 655.088 206.167
110.153 365.429 83.5137 365.035
703.097 79.0915 737.261 75.4502
703.097 79.0915 705.402 75.4717
703.097 79.0915 713.029 125.183
88.0791 929.57 76.9351 916.32
71.7595 298.357 57.0976 255.74
71.7595 298.357 42.2149 292.066
71.7595 298.357 77.6404 301.513
229.875 693.267 231.164 679.34
229.875 693.267 186.656 733.862
345.898 612.439 290.677 620.829
102.408 721.309 124.036 756.453
102.408 721.309 115.488 706.969
102.408 721.309 71.7763 785.693
25.9729 872.046 26.8344 876.618
391.218 917.344 360.214 921.683
571.228 539.494 600.488 561.07
571.228 539.494 514.985 520.599
723.339 535.012 738.135 490.826
457.543 557.066 468.167 598.285
713.575 267.351 713.267 249.158
713.267 249.158 708.872 214.584
713.267 249.158 693.273 229.6
687.145 808.733 694.59 818.037
984.673 95.792 983.881 159.926
55.0051 651.654 58.2809 645.986
55.0051 651.654 41.3246 617.087
140.634 956.831 160.179 910.792
380.416 335.415 446.995 336.416
572.242 854.386 544.071 860.552
572.242 854.386 589.593 863.881
572.242 854.386 593.189 844.82
543.398 385.636 543.5 344.74
543.398 385.636 520.68 420.179
543.398 385.636 526.96 418.488
320.095 876.861 307.937 872.735
52.6487 51.8127 38.3465 60.6574
52.6487 51.8127 71.0846 86.4218
787.759 393.658 762.218 449.628
399.721 447.321 398.257 435.318
285.68 310.842 254.83 411.338
285.68 310.842 314.406 390.619
30.5042 842.897 57.017 857.143
30.5042 842.897 86.7977 824.23
298.354 84.5912 303.003 69.0816
106.438 989.081 78.3787 960.594
106.438 989.081 64.8518 977.013
106.438 989.081 169.041 993.233
808.957 591.209 819.193 618.845
808.957 591.209 816.921 577.052
808.957 591.209 766.065 602.515
912.12 670.724 878.379 701.563
912.12 670.724 913.022 672.234
86.7977 824.23 57.017 857.143
86.7977 824.23 84.3145 867.909
86.7977 824.23 124.421 830.736
86.7977 824.23 71.7763 785.693
84.2173 870.323 71.6664 875.232
84.2173 870.323 76.9351 916.32
84.2173 870.323 84.3145 867.909
737.802 847.524 714.535 880.939
737.802 847.524 758.197 854.574
57.017 857.143 71.6664 875.232
57.017 857.143 84.3145 867.909
809.852 735.925 829.72 766.262
133.184 556.774 106.304 542.212
133.184 556.774 113.809 560.079
133.184 556.774 158.515 491.634
248.035 584.218 234.835 628.815
248.035 584.218 290.677 620.829
124.036 756.453 174.703 762.672
124.036 756.453 186.656 733.862
124.036 756.453 115.488 706.969
124.036 756.453 71.7763 785.693
754.274 975.761 753.91 985.08
762.218 449.628 738.135 490.826
762.218 449.628 744.448 391.544
708.872 214.584 715.108 200.458
708.872 214.584 690.197 212.617
708.872 214.584 693.273 229.6
520.622 202.453 494.649 225.189
113.809 560.079 106.304 542.212
307.937 872.735 304.299 834.317
394.14 769.475 385.437 736.347
394.14 769.475 383.241 772.449
109.507 647.486 132.979 653.936
822.263 479.531 879.009 492.28
822.263 479.531 885.198 417.06
467.219 967.335 489.481 959.656
467.219 967.335 460.236 923.425
1.55961 57.7062 38.3465 60.6574
698.642 569.258 691.793 566.063
698.642 569.258 691.885 585.407
433.406 113.544 411.628 104.518
934.654 357.258 939.113 361.994
160.849 11.6003 180.017 29.052
160.849 11.6003 168.178 4.39822
682.11 144.965 728.365 161.51
682.11 144.965 690.755 139.856
64.8518 977.013 44.1685 965.036
64.8518 977.013 78.3787 960.594
573.65 668.174 524.964 640.654
573.65 668.174 512.531 708.308
966.832 204.684 883.265 197.738
966.832 204.684 889.854 219.529
469.915 860.198 491.92 851.937
469.915 860.198 425.653 885.12
469.915 860.198 460.236 923.425
425.653 885.12 379.813 849.853
425.653 885.12 460.236 923.425
243.862 786.563 263.619 776.135
335.594 223.809 395.336 204.333
174.703 762.672 186.656 733.862
819.193 618.845 766.065 602.515
819.193 618.845 823.261 630.816
525.321 727.65 512.531 708.308
78.3787 960.594 44.1685 965.036
879.009 492.28 914.238 541.516
879.009 492.28 885.198 417.06
512.531 708.308 524.964 640.654
691.885 585.407 691.793 566.063
691.885 585.407 636.671 623.359
691.885 585.407 699.156 659.123
691.885 585.407 725.796 619.84
106.304 542.212 79.5681 538.658
57.0976 255.74 42.2149 292.066
776.138 871.278 772.629 860.45
524.964 640.654 468.167 598.285
385.437 736.347 383.241 772.449
725.796 619.84 699.156 659.123
725.796 619.84 766.065 602.515
607.659 309.982 633.888 284.18
676.582 80.5822 647.703 99.9214
878.379 701.563 913.022 672.234
45.7679 85.5888 40.4727 124.476
45.7679 85.5888 38.3465 60.6574
956.063 444.745 933.463 437.387
956.063 444.745 936.027 418.039
208.136 282.973 218.562 272.493
889.854 219.529 889.153 221.52
889.854 219.529 883.265 197.738
405.418 617.798 426.879 648.992
737.261 75.4502 705.402 75.4717
737.261 75.4502 713.029 125.183
715.42 925.71 679.579 948.427
636.671 623.359 630.51 641.683
636.671 623.359 699.156 659.123
217.737 191.401 231.307 219.512
774.702 140.332 713.029 125.183
774.702 140.332 728.365 161.51
242.405 230.775 231.307 219.512
234.835 628.815 290.677 620.829
520.68 420.179 487.036 411.221
520.68 420.179 526.96 418.488
797.661 668.92 749.464 690.285
589.593 863.881 593.189 844.82
158.515 491.634 138.866 461.421
489.481 959.656 460.236 923.425
713.029 125.183 690.755 139.856
713.029 125.183 728.365 161.51
633.888 284.18 649.526 275.691
690.197 212.617 693.273 229.6
728.34 714.456 749.464 690.285
728.34 714.456 699.156 659.123
630.51 641.683 699.156 659.123
446.995 336.416 407.172 387.117
407.172 387.117 398.257 435.318
331.978 951.619 360.214 921.683
728.365 161.51 690.755 139.856
728.365 161.51 760.67 182.855
955.485 539.695 973.169 582.336
758.197 854.574 772.629 860.45
71.0846 86.4218 67.372 100.699
323.852 7.25077 168.178 4.39822
41.3246 617.087 58.2809 645.986
113.973 426.097 138.866 461.421
937.427 17.5699 907.12 58.3194
885.198 417.06 905.226 407.929
936.027 418.039 905.226 407.929
936.027 418.039 933.463 437.387
699.156 659.123 749.464 690.285
84.3145 867.909 71.6664 875.232
76.9351 916.32 71.6664 875.232
