2960
760.437 221.612 700.324 216.705
760.437 221.612 697.061 222.595
760.437 221.612 723.763 278.857
760.437 221.612 777.911 249.221
760.437 221.612 798.616 207.696
760.437 221.612 750.393 201.811
593.865 344.169 602.086 334.241
593.865 344.169 585.71 340.122
593.865 344.169 569.647 343.586
593.865 344.169 599.252 351.145
660.227 126.456 603.338 115.568
660.227 126.456 641.45 171.245
660.227 126.456 666.352 163.42
660.227 126.456 695.592 119.551
660.227 126.456 679.952 111.969
660.227 126.456 677.635 93.5622
660.227 126.456 630.485 80.4752
421.158 424.379 436.561 416.198
421.158 424.379 431.546 412.947
421.158 424.379 411.29 373.822
421.158 424.379 359.544 436.812
421.158 424.379 374.539 447.607
421.158 424.379 435.764 447.904
56.9564 773.242 62.874 792.227
56.9564 773.242 97.5295 766.767
56.9564 773.242 90.1901 757.724
56.9564 773.242 67.6177 754.872
56.9564 773.242 42.3358 767.446
89.2869 565.083 83.8859 560.465
89.2869 565.083 86.5665 591.358
89.2869 565.083 112.231 595.392
89.2869 565.083 122.612 551.611
971.684 463.286 976.294 483.139
971.684 463.286 978.691 444.391
971.684 463.286 965.523 452.877
971.684 463.286 957.581 484.648
867.367 83.37 894.119 40.0953
867.367 83.37 871.811 24.349
867.367 83.37 848.666 28.7801
867.367 83.37 834.553 33.0363
867.367 83.37 833.545 84.0174
867.367 83.37 860.525 106.089
867.367 83.37 896.326 113.733
867.367 83.37 910.055 57.7796
653.68 371.72 685.528 351.312
653.68 371.72 664.31 336.995
653.68 371.72 617.248 365.503
653.68 371.72 643.238 380.991
653.68 371.72 661.523 384.619
653.68 371.72 688.519 364.577
509.697 318.564 499.859 325.757
509.697 318.564 508.378 328.066
509.697 318.564 522.155 348.496
509.697 318.564 569.647 343.586
509.697 318.564 581.713 318.859
509.697 318.564 519.769 287.903
509.697 318.564 457.372 278.078
396.828 667.451 398.405 679.109
396.828 667.451 412.157 667.575
396.828 667.451 390.295 654.177
396.828 667.451 349.995 657.648
911.465 814.515 921.149 804.087
911.465 814.515 889.926 800.514
911.465 814.515 872.053 809.845
911.465 814.515 859.732 831.41
911.465 814.515 915.465 868.86
911.465 814.515 941.208 841.765
911.465 814.515 923.029 811.305
602.086 334.241 581.713 318.859
602.086 334.241 585.71 340.122
602.086 334.241 599.252 351.145
602.086 334.241 605.427 354.768
602.086 334.241 617.248 365.503
602.086 334.241 664.31 336.995
602.086 334.241 627.404 305.974
184.304 321.918 169.308 279.397
184.304 321.918 156.57 298.817
184.304 321.918 164.426 323.088
184.304 321.918 171.999 347.766
184.304 321.918 187.552 341.626
184.304 321.918 207.639 315.973
184.304 321.918 171.804 276.97
626.484 242.507 631.04 263.847
626.484 242.507 649.39 210.177
626.484 242.507 603.617 220.25
626.484 242.507 598.309 244.405
88.3322 269.123 126.264 278.452
88.3322 269.123 108.151 252.383
88.3322 269.123 52.8374 232.574
88.3322 269.123 51.3325 289.749
88.3322 269.123 92.0011 330.618
88.3322 269.123 112.532 316.695
967.88 606.107 936.348 576.267
967.88 606.107 944.903 603.913
967.88 606.107 950.99 646.36
967.88 606.107 985.817 612.969
967.88 606.107 984.727 606.745
567.474 453.622 593.986 480.451
567.474 453.622 586.401 463.339
567.474 453.622 584.233 422.173
567.474 453.622 572.082 409.94
567.474 453.622 546.741 409.157
567.474 453.622 528.347 418.87
567.474 453.622 509.879 432.668
567.474 453.622 512.768 474.819
567.474 453.622 521.28 512.615
567.474 453.622 583.02 510.635
57.0476 94.3025 77.7678 4.88096
57.0476 94.3025 22.6548 108.875
57.0476 94.3025 26.5912 141.946
57.0476 94.3025 79.7623 124.681
57.0476 94.3025 58.6832 94.2323
57.0476 94.3025 86.7626 51.1385
267.045 760.786 245.902 777.473
267.045 760.786 257.856 784.898
267.045 760.786 260.479 788.13
267.045 760.786 287.876 762.874
267.045 760.786 290.056 760.811
267.045 760.786 289.049 728.299
267.045 760.786 224.064 736.151
267.045 760.786 220.807 743.155
529.378 777.562 498.689 776.329
529.378 777.562 499.102 782.567
529.378 777.562 513.341 796.839
529.378 777.562 526.73 802.906
529.378 777.562 551.65 792.849
529.378 777.562 545.721 771.636
529.378 777.562 519.961 717.183
592.79 499.132 593.986 480.451
592.79 499.132 583.02 510.635
592.79 499.132 622.886 559.717
592.79 499.132 643.793 496.527
592.79 499.132 606.209 473.389
69.7752 712.816 45.3164 682.12
69.7752 712.816 23.6364 713.063
69.7752 712.816 62.5477 736.382
69.7752 712.816 73.81 744.254
69.7752 712.816 74.54 710.739
989.304 209.25 980.363 220.98
989.304 209.25 994.52 208.501
989.304 209.25 989.652 178.637
989.304 209.25 974.719 200.345
989.304 209.25 970.249 210.391
532.414 239.71 584.295 238.379
532.414 239.71 550.045 194.771
532.414 239.71 515.694 224.073
532.414 239.71 505.842 258.997
532.414 239.71 516.518 268.929
532.414 239.71 519.769 287.903
951.59 16.4947 979.761 12.2559
951.59 16.4947 964.712 8.80927
951.59 16.4947 957.337 11.2373
951.59 16.4947 950.103 3.88889
951.59 16.4947 919.569 34.8318
951.59 16.4947 957.836 92.5977
951.59 16.4947 988.376 35.963
991.052 897.896 999.962 995.114
991.052 897.896 992.393 747.257
991.052 897.896 982.889 855.433
991.052 897.896 968.477 888.481
991.052 897.896 973.39 917.545
991.052 897.896 989.997 929.959
991.052 897.896 995.347 974.146
62.0313 651.392 54.9204 669.66
62.0313 651.392 73.8901 649.716
62.0313 651.392 71.5232 647.639
62.0313 651.392 51.0989 643.093
62.0313 651.392 37.9572 656.163
197.979 236.217 264.292 281.218
197.979 236.217 220.858 227.749
197.979 236.217 214.676 211.081
197.979 236.217 191.297 192.662
197.979 236.217 148.188 217.415
197.979 236.217 146.256 219.392
197.979 236.217 171.804 276.97
197.979 236.217 207.639 315.973
352.124 20.5232 369.888 1.86822
352.124 20.5232 341.894 26.3826
352.124 20.5232 343.352 26.9816
352.124 20.5232 355.234 26.9755
352.124 20.5232 371.359 26.4212
873.324 475.281 862.2 470.296
873.324 475.281 843.815 489.326
873.324 475.281 894.633 503.94
873.324 475.281 901.217 461.208
873.324 475.281 882.421 445.474
859.806 707.598 824.536 731.186
859.806 707.598 863.418 773.446
859.806 707.598 891.013 752.138
859.806 707.598 880.118 709.415
859.806 707.598 861.241 701.732
859.806 707.598 838.262 682.607
859.806 707.598 816.692 719.721
467.372 484.443 449.553 486.507
467.372 484.443 470.553 497.26
467.372 484.443 483.478 494.562
467.372 484.443 478.574 475.389
467.372 484.443 453.927 464.858
238.63 778.888 250.422 800.774
238.63 778.888 245.902 777.473
238.63 778.888 220.807 743.155
238.63 778.888 174.397 757.476
238.63 778.888 223.9 805.945
900.044 292.069 956.796 371.761
900.044 292.069 988.428 347.71
900.044 292.069 984.53 268.699
900.044 292.069 929.556 237.121
900.044 292.069 885.913 257.814
900.044 292.069 864.563 286.402
900.044 292.069 892.103 299.247
784.584 893.249 768.936 822.164
784.584 893.249 752.962 884.727
784.584 893.249 749.472 887.532
784.584 893.249 737.233 946.996
784.584 893.249 786.112 954.685
784.584 893.249 805.875 949.592
784.584 893.249 814.583 947.886
784.584 893.249 847.556 927.805
784.584 893.249 825.835 871.676
235.64 974.052 228.274 978.869
235.64 974.052 235.877 993.175
235.64 974.052 248.786 970.538
235.64 974.052 223.859 946.606
235.64 974.052 217.224 960.577
157.669 910.783 140.478 959.823
157.669 910.783 207.964 933.935
157.669 910.783 190.213 881.408
157.669 910.783 137.262 896.217
157.669 910.783 131.906 930.474
244.805 1.02171 159.575 0.217322
244.805 1.02171 179.118 0.576161
244.805 1.02171 237.783 23.1358
244.805 1.02171 255.17 27.5149
244.805 1.02171 264.859 25.4959
244.805 1.02171 289.803 31.906
244.805 1.02171 369.888 1.86822
321.355 382.304 282.767 342.152
321.355 382.304 304.192 390.392
321.355 382.304 316.045 416.621
321.355 382.304 348.813 374.261
321.355 382.304 347.933 361.631
321.355 382.304 317.744 316.377
95.2198 185.063 146.256 219.392
95.2198 185.063 130.017 173.48
95.2198 185.063 104.793 164.611
95.2198 185.063 89.623 182.279
95.2198 185.063 59.9023 188.874
95.2198 185.063 52.8374 232.574
95.2198 185.063 108.151 252.383
978.857 136.702 950.591 135.406
978.857 136.702 952.229 161.202
978.857 136.702 969.766 170.983
978.857 136.702 981.137 167.233
978.857 136.702 992.21 170.757
978.857 136.702 982.008 102.423
659.65 961.498 660.053 956.986
659.65 961.498 627.23 964.884
659.65 961.498 634.077 989.104
659.65 961.498 712.712 961.429
189.145 154.92 177.548 109.187
189.145 154.92 160.24 111.06
189.145 154.92 132.636 146.211
189.145 154.92 179.482 166.811
189.145 154.92 191.297 192.662
189.145 154.92 210.829 154.764
173.261 87.0108 160.24 111.06
173.261 87.0108 177.548 109.187
173.261 87.0108 194.194 81.7312
173.261 87.0108 189.107 77.1963
173.261 87.0108 182.53 62.636
173.261 87.0108 151.831 86.4745
593.986 480.451 606.209 473.389
593.986 480.451 586.401 463.339
593.986 480.451 583.02 510.635
316.707 578.656 336.542 599.073
316.707 578.656 360.277 535.449
316.707 578.656 338.477 533.895
316.707 578.656 298.467 543.854
316.707 578.656 271.537 583.37
316.707 578.656 299.869 628.365
316.707 578.656 330.148 620.492
54.9204 669.66 74.54 710.739
54.9204 669.66 73.8901 649.716
54.9204 669.66 37.9572 656.163
54.9204 669.66 45.3164 682.12
425.935 865.487 438.857 821.059
425.935 865.487 407.598 854.904
425.935 865.487 419.462 867.211
425.935 865.487 446.854 920.606
425.935 865.487 469.487 879.557
425.935 865.487 454.344 857.707
425.935 865.487 450.012 855.842
749.951 817.741 766.644 816.497
749.951 817.741 745.459 801.444
749.951 817.741 695.775 830.862
749.951 817.741 716.48 859.672
749.951 817.741 752.962 884.727
749.951 817.741 768.936 822.164
192.842 873.171 202.6 820.13
192.842 873.171 192.494 821.439
192.842 873.171 140.591 846.966
192.842 873.171 190.213 881.408
192.842 873.171 228.145 907.461
192.842 873.171 255.959 876.767
572.471 565.183 557.084 577.647
572.471 565.183 615.451 605.761
572.471 565.183 581.044 561.864
572.471 565.183 577.001 554.271
572.471 565.183 533.242 532.225
737.233 946.996 749.472 887.532
737.233 946.996 717.526 887.481
737.233 946.996 712.712 961.429
737.233 946.996 786.112 954.685
224.064 736.151 220.807 743.155
224.064 736.151 289.049 728.299
224.064 736.151 206.397 688.777
224.064 736.151 209.756 728.798
690.311 47.5003 709.481 64.5855
690.311 47.5003 710.758 52.6502
690.311 47.5003 754.585 15.5989
690.311 47.5003 671.658 41.4215
690.311 47.5003 677.637 54.9535
690.311 47.5003 694.148 80.5647
509.665 861.252 487.301 852.647
509.665 861.252 491.502 870.531
509.665 861.252 494.284 903.851
509.665 861.252 524.384 909.518
509.665 861.252 550.538 849.924
509.665 861.252 514.714 844.177
73.81 744.254 62.5477 736.382
73.81 744.254 67.6177 754.872
73.81 744.254 90.1901 757.724
73.81 744.254 91.2283 754.125
73.81 744.254 115.339 721.079
73.81 744.254 74.54 710.739
719.42 764.538 692.035 778.086
719.42 764.538 745.459 801.444
719.42 764.538 744.672 760.121
719.42 764.538 719.3 735.114
719.42 764.538 693.022 731.996
298.891 727.875 290.056 760.811
298.891 727.875 308.644 768.854
298.891 727.875 330.594 725.845
298.891 727.875 301.501 725.31
298.891 727.875 289.049 728.299
879.088 972.443 884.369 971.083
879.088 972.443 847.724 950.2
879.088 972.443 827.261 979.296
879.088 972.443 907.704 998.872
291.128 994.498 233.454 998.526
291.128 994.498 367.742 978.89
291.128 994.498 325.407 973.628
291.128 994.498 316.006 975.287
291.128 994.498 266.25 986.903
449.553 486.507 453.927 464.858
449.553 486.507 443.238 490.159
449.553 486.507 470.553 497.26
67.6177 754.872 42.3358 767.446
67.6177 754.872 90.1901 757.724
67.6177 754.872 62.5477 736.382
709.481 64.5855 694.148 80.5647
709.481 64.5855 742.283 104.042
709.481 64.5855 750.227 86.9879
709.481 64.5855 751.974 77.6374
709.481 64.5855 741.731 49.2536
709.481 64.5855 710.758 52.6502
965.349 420.145 965.523 452.877
965.349 420.145 978.691 444.391
965.349 420.145 988.428 347.71
965.349 420.145 958.173 406.357
965.349 420.145 942.975 397.509
965.349 420.145 901.217 461.208
715.514 539.966 736.985 517.069
715.514 539.966 708.788 497.419
715.514 539.966 678.799 535.511
715.514 539.966 673.835 583.112
715.514 539.966 704.786 596.696
715.514 539.966 748.152 600.398
715.514 539.966 755.694 548.101
124.499 639.996 100.957 619.6
124.499 639.996 73.8901 649.716
124.499 639.996 118.98 663.916
124.499 639.996 149.074 648.383
124.499 639.996 129.913 633.113
13.4808 692.173 23.6364 713.063
13.4808 692.173 45.3164 682.12
13.4808 692.173 37.9572 656.163
13.4808 692.173 3.17014 611.442
13.4808 692.173 8.73537 703.376
326.319 629.126 337.557 628.398
326.319 629.126 330.148 620.492
326.319 629.126 323.275 630.424
326.319 629.126 349.995 657.648
557.084 577.647 524.123 624.756
557.084 577.647 604.917 635.651
557.084 577.647 615.451 605.761
557.084 577.647 533.242 532.225
557.084 577.647 515.589 546.967
557.084 577.647 511.4 613.084
354.983 455.961 359.544 436.812
354.983 455.961 347.075 461.831
354.983 455.961 371.736 495.949
354.983 455.961 374.539 447.607
859.732 831.41 872.053 809.845
859.732 831.41 847.215 801.196
859.732 831.41 825.835 871.676
859.732 831.41 857.977 855.59
859.732 831.41 915.465 868.86
490.358 651.71 449.913 674.419
490.358 651.71 477.315 701.676
490.358 651.71 524.325 691.012
490.358 651.71 511.387 639.382
490.358 651.71 505.94 629.13
490.358 651.71 468.785 630.943
490.358 651.71 452.44 647.605
104.793 164.611 130.017 173.48
104.793 164.611 112.037 148.608
104.793 164.611 79.7623 124.681
104.793 164.611 89.623 182.279
681.385 675.883 729.097 693.888
681.385 675.883 718.902 662.043
681.385 675.883 691.664 650.125
681.385 675.883 680.991 651.183
681.385 675.883 665.231 641.272
681.385 675.883 643.247 709.896
681.385 675.883 693.022 731.996
169.308 279.397 152.068 281.359
169.308 279.397 156.57 298.817
169.308 279.397 171.804 276.97
68.9345 498.205 82.2645 491.201
68.9345 498.205 48.4727 470.614
68.9345 498.205 36.093 506.407
68.9345 498.205 66.2253 513.059
68.9345 498.205 85.0398 509.471
695.592 119.551 679.952 111.969
695.592 119.551 666.352 163.42
695.592 119.551 707.853 151.11
695.592 119.551 697.578 117.521
306.998 687.918 313.972 656.681
306.998 687.918 242.865 646.428
306.998 687.918 237.063 649.524
306.998 687.918 289.049 728.299
306.998 687.918 308.539 718.055
306.998 687.918 313.733 688.75
939.181 388.602 956.796 371.761
939.181 388.602 908.251 379.635
939.181 388.602 899.109 401.227
939.181 388.602 942.975 397.509
524.123 624.756 511.387 639.382
524.123 624.756 548.797 678.113
524.123 624.756 604.917 635.651
524.123 624.756 511.4 613.084
524.123 624.756 505.94 629.13
302.743 61.9379 341.894 26.3826
302.743 61.9379 289.803 31.906
302.743 61.9379 276.824 52.5274
302.743 61.9379 288.375 96.273
302.743 61.9379 313.894 77.6558
680.991 651.183 665.231 641.272
680.991 651.183 691.664 650.125
872.053 809.845 889.926 800.514
872.053 809.845 863.418 773.446
872.053 809.845 847.215 801.196
416.894 186.796 488.379 147.99
416.894 186.796 404.617 162.389
416.894 186.796 398.702 174.558
416.894 186.796 402.102 204.796
416.894 186.796 428.91 225.577
416.894 186.796 504.102 171.953
313.733 688.75 349.995 657.648
313.733 688.75 313.972 656.681
313.733 688.75 308.539 718.055
313.733 688.75 324.594 697.406
7.74061 339.282 7.03981 346.561
7.74061 339.282 24.696 331.659
7.74061 339.282 1.75232 263.394
676.243 869.333 716.48 859.672
676.243 869.333 695.775 830.862
676.243 869.333 672.983 865.555
676.243 869.333 668.626 895.054
676.243 869.333 717.526 887.481
927.877 958.78 964.646 946.092
927.877 958.78 935.006 930.413
927.877 958.78 921.949 938.06
927.877 958.78 917.617 969.93
927.877 958.78 923.315 966.493
927.877 958.78 939.859 986.081
285.099 327.747 317.744 316.377
285.099 327.747 264.292 281.218
285.099 327.747 257.448 309.018
285.099 327.747 262.277 326.781
285.099 327.747 282.767 342.152
621.18 730.905 637.079 710.461
621.18 730.905 618.272 714.511
621.18 730.905 585.955 719.098
621.18 730.905 599.404 755.82
621.18 730.905 621.008 756.134
621.18 730.905 643.058 728.995
953.198 733.074 992.393 747.257
953.198 733.074 978.649 678.34
953.198 733.074 943.244 660.64
953.198 733.074 910.799 739.493
953.198 733.074 937.293 758.838
953.198 733.074 940.899 760.53
953.198 733.074 983.054 750.964
842.894 287.48 863.396 308.154
842.894 287.48 864.563 286.402
842.894 287.48 859.756 256.166
842.894 287.48 850.096 249.82
842.894 287.48 822.065 240.061
842.894 287.48 802.661 243.943
842.894 287.48 808.827 316.087
591.098 815.068 586.314 803.8
591.098 815.068 555.34 836.296
591.098 815.068 592.176 867.881
591.098 815.068 618.908 859.091
591.098 815.068 613.024 815.065
591.098 815.068 598.126 804.931
586.401 463.339 606.209 473.389
586.401 463.339 618.494 469.731
586.401 463.339 584.233 422.173
679.952 111.969 697.578 117.521
679.952 111.969 677.635 93.5622
999.962 995.114 995.347 974.146
999.962 995.114 966.183 995.693
14.7158 164.792 51.6458 193.549
14.7158 164.792 27.0989 151.998
14.7158 164.792 10.6588 135.252
14.7158 164.792 9.87534 203.701
814.583 947.886 848.1 929.953
814.583 947.886 847.556 927.805
814.583 947.886 805.875 949.592
814.583 947.886 816.765 954.885
814.583 947.886 832.466 957.587
648.054 843.136 640.655 844.754
648.054 843.136 631.403 878.333
648.054 843.136 672.983 865.555
648.054 843.136 695.775 830.862
648.054 843.136 686.354 812.246
648.054 843.136 654.911 799.901
648.054 843.136 617.77 810.505
884.369 971.083 907.704 998.872
884.369 971.083 917.617 969.93
884.369 971.083 921.949 938.06
884.369 971.083 900.405 914.217
884.369 971.083 848.1 929.953
884.369 971.083 847.724 950.2
247.66 621.683 242.865 646.428
247.66 621.683 250.32 622.299
247.66 621.683 250.235 596.201
247.66 621.683 235.115 616.27
247.66 621.683 226.498 632.319
173.733 364.713 197.099 390.493
173.733 364.713 187.552 341.626
173.733 364.713 171.999 347.766
173.733 364.713 92.0011 330.618
173.733 364.713 62.3604 400.932
173.733 364.713 172.276 417.647
575.795 386.154 542.706 365.136
575.795 386.154 545.721 399.582
575.795 386.154 572.082 409.94
575.795 386.154 584.233 422.173
575.795 386.154 632.697 394.477
575.795 386.154 617.248 365.503
575.795 386.154 605.427 354.768
575.795 386.154 599.252 351.145
575.795 386.154 569.647 343.586
232.105 224.902 214.676 211.081
232.105 224.902 220.858 227.749
232.105 224.902 264.292 281.218
232.105 224.902 263.627 238.498
232.105 224.902 254.774 215.051
565.722 954.913 562.302 960.515
565.722 954.913 578.978 982.734
565.722 954.913 569.657 949.822
565.722 954.913 566.374 940.519
488.379 147.99 504.102 171.953
488.379 147.99 515.167 163.007
488.379 147.99 527.825 135.98
488.379 147.99 506.167 80.7532
488.379 147.99 440.94 64.4334
488.379 147.99 415.282 118.2
488.379 147.99 404.617 162.389
695.775 830.862 672.983 865.555
695.775 830.862 716.48 859.672
695.775 830.862 745.459 801.444
695.775 830.862 686.354 812.246
35.0692 767.762 39.9421 766.933
35.0692 767.762 23.6364 713.063
35.0692 767.762 12.4946 783.434
35.0692 767.762 62.874 792.227
35.0692 767.762 42.3358 767.446
399.477 513.156 428.842 492.036
399.477 513.156 371.736 495.949
399.477 513.156 368.671 514.722
399.477 513.156 360.277 535.449
399.477 513.156 415.427 552.214
399.477 513.156 408.447 512.286
808.624 655.125 767.909 670.309
808.624 655.125 817.582 687.768
808.624 655.125 818.654 653.553
808.624 655.125 806.043 620.878
62.3604 400.932 92.0011 330.618
62.3604 400.932 24.696 331.659
62.3604 400.932 7.03981 346.561
62.3604 400.932 18.3985 458.67
62.3604 400.932 63.4808 433.592
62.3604 400.932 76.1148 436.99
62.3604 400.932 120.081 449.922
62.3604 400.932 137.617 446.913
62.3604 400.932 172.276 417.647
246.676 485.623 229.692 474.804
246.676 485.623 239.651 496.174
246.676 485.623 270.253 505.203
246.676 485.623 259.283 464.925
336.542 599.073 372.522 595.966
336.542 599.073 360.277 535.449
336.542 599.073 330.148 620.492
336.542 599.073 337.557 628.398
336.542 599.073 363.515 608.881
505.842 258.997 438.194 248.522
505.842 258.997 457.372 278.078
505.842 258.997 519.769 287.903
505.842 258.997 516.518 268.929
505.842 258.997 515.694 224.073
436.561 416.198 435.764 447.904
436.561 416.198 453.146 415.427
436.561 416.198 442.775 399.829
436.561 416.198 431.546 412.947
766.644 816.497 768.936 822.164
766.644 816.497 847.215 801.196
766.644 816.497 768.058 753.055
766.644 816.497 745.459 801.444
457.508 395.484 459.242 390.419
457.508 395.484 442.775 399.829
457.508 395.484 453.146 415.427
457.508 395.484 478.412 419.8
401.922 940.716 430.917 942.885
401.922 940.716 446.854 920.606
401.922 940.716 402.843 871.012
401.922 940.716 365.524 933.971
401.922 940.716 378.168 946.111
401.922 940.716 367.742 978.89
401.922 940.716 456.334 971.598
511.569 544.692 484.468 546.602
511.569 544.692 477.074 556.056
511.569 544.692 515.589 546.967
511.569 544.692 533.242 532.225
511.569 544.692 521.28 512.615
18.3985 458.67 7.03981 346.561
18.3985 458.67 0.403598 489.769
18.3985 458.67 14.6505 472.408
18.3985 458.67 48.4727 470.614
18.3985 458.67 63.4808 433.592
586.314 803.8 551.65 792.849
586.314 803.8 555.34 836.296
586.314 803.8 598.126 804.931
586.314 803.8 606.87 797.042
586.314 803.8 577.416 765.21
9.7142 967.477 15.8273 956.182
9.7142 967.477 11.187 947.56
9.7142 967.477 0.212477 906.947
9.7142 967.477 35.8301 997.353
9.7142 967.477 34.1439 971.657
9.7142 967.477 20.3991 956.352
515.167 163.007 504.102 171.953
515.167 163.007 525.604 174.633
515.167 163.007 527.825 135.98
671.873 168.154 687.133 192.207
671.873 168.154 709.278 161.954
671.873 168.154 707.853 151.11
671.873 168.154 666.352 163.42
671.873 168.154 641.45 171.245
671.873 168.154 649.39 210.177
762.849 363.354 751.567 339.636
762.849 363.354 688.519 364.577
762.849 363.354 753.112 392.773
762.849 363.354 770.953 369.874
762.849 363.354 786.794 367.514
524.983 47.4918 538.932 75.9341
524.983 47.4918 527.02 44.4222
524.983 47.4918 488.275 16.7714
524.983 47.4918 506.167 80.7532
200.045 586.18 183.912 563.401
200.045 586.18 178.96 599.007
200.045 586.18 182.395 622.281
200.045 586.18 226.498 632.319
200.045 586.18 235.115 616.27
200.045 586.18 250.235 596.201
200.045 586.18 204.043 552.684
177.548 109.187 210.829 154.764
177.548 109.187 235.994 135.191
177.548 109.187 241.134 123.81
177.548 109.187 194.194 81.7312
177.548 109.187 160.24 111.06
940.899 760.53 944.385 770.755
940.899 760.53 983.054 750.964
940.899 760.53 937.293 758.838
952.494 902.625 923.912 894.111
952.494 902.625 935.006 930.413
952.494 902.625 973.39 917.545
952.494 902.625 968.477 888.481
952.494 902.625 948.83 885.568
45.3164 682.12 23.6364 713.063
45.3164 682.12 74.54 710.739
45.3164 682.12 37.9572 656.163
351.842 250.018 317.744 316.377
351.842 250.018 362.479 308.469
351.842 250.018 370.654 268.602
351.842 250.018 381.442 218.508
351.842 250.018 330.511 225.757
351.842 250.018 306.033 227.539
889.048 880.44 857.977 855.59
889.048 880.44 875.948 900.451
889.048 880.44 895.91 900.867
889.048 880.44 923.912 894.111
889.048 880.44 915.465 868.86
571.682 36.665 563.516 15.513
571.682 36.665 557.999 26.7698
571.682 36.665 565.643 45.5168
571.682 36.665 578.022 39.6038
256.549 355.96 242.316 346.943
256.549 355.96 253.062 383.691
256.549 355.96 255.016 383.464
256.549 355.96 282.767 342.152
256.549 355.96 262.277 326.781
359.544 436.812 411.29 373.822
359.544 436.812 348.813 374.261
359.544 436.812 316.045 416.621
359.544 436.812 347.075 461.831
359.544 436.812 374.539 447.607
130.017 173.48 132.636 146.211
130.017 173.48 127.639 147.083
130.017 173.48 112.037 148.608
130.017 173.48 146.256 219.392
130.017 173.48 148.188 217.415
130.017 173.48 173.388 174.442
174.68 532.408 163.263 559.831
174.68 532.408 183.912 563.401
174.68 532.408 192.963 540.83
174.68 532.408 222.751 483.293
174.68 532.408 161.195 510.231
174.68 532.408 156.228 514.174
174.68 532.408 139.645 529.376
448.986 59.2362 506.167 80.7532
448.986 59.2362 488.275 16.7714
448.986 59.2362 483.007 16.1394
448.986 59.2362 448.908 15.522
448.986 59.2362 440.94 64.4334
459.242 390.419 442.775 399.829
459.242 390.419 478.412 419.8
459.242 390.419 487.967 366.124
459.242 390.419 458.02 376.849
12.2133 556.029 0.403598 489.769
12.2133 556.029 2.72568 584.135
12.2133 556.029 25.7935 548.779
449.07 692.129 417.838 714.328
449.07 692.129 477.145 744.41
449.07 692.129 477.315 701.676
449.07 692.129 449.913 674.419
449.07 692.129 412.157 667.575
752.962 884.727 768.936 822.164
752.962 884.727 716.48 859.672
752.962 884.727 749.472 887.532
888.306 417.731 899.109 401.227
888.306 417.731 869.75 404.237
888.306 417.731 852.658 412.254
888.306 417.731 882.421 445.474
888.306 417.731 901.217 461.208
888.306 417.731 942.975 397.509
512.768 474.819 521.28 512.615
512.768 474.819 509.879 432.668
512.768 474.819 491.429 473.828
512.768 474.819 483.478 494.562
847.724 950.2 848.1 929.953
847.724 950.2 832.466 957.587
847.724 950.2 827.261 979.296
122.612 551.611 112.231 595.392
122.612 551.611 137.779 583.207
122.612 551.611 146.1 575.994
122.612 551.611 163.263 559.831
122.612 551.611 139.645 529.376
122.612 551.611 93.9503 508.686
122.612 551.611 83.8859 560.465
994.52 208.501 992.21 170.757
994.52 208.501 989.652 178.637
994.52 208.501 980.363 220.98
994.52 208.501 984.53 268.699
994.52 208.501 988.428 347.71
477.145 744.41 417.838 714.328
477.145 744.41 460.753 769.167
477.145 744.41 477.669 777.969
477.145 744.41 498.689 776.329
477.145 744.41 519.961 717.183
477.145 744.41 507.897 714.45
477.145 744.41 477.315 701.676
330.148 620.492 299.869 628.365
330.148 620.492 323.275 630.424
330.148 620.492 337.557 628.398
508.378 328.066 505.806 337.731
508.378 328.066 522.155 348.496
508.378 328.066 499.859 325.757
370.141 349.784 362.443 360.683
370.141 349.784 411.29 373.822
370.141 349.784 394.957 335.245
370.141 349.784 380.402 330.192
370.141 349.784 362.479 308.469
370.141 349.784 347.933 361.631
709.278 161.954 687.133 192.207
709.278 161.954 733.652 174.915
709.278 161.954 749.232 157.702
709.278 161.954 707.853 151.11
850.096 249.82 822.065 240.061
850.096 249.82 859.756 256.166
850.096 249.82 881.592 242.887
850.096 249.82 860.565 217.467
850.096 249.82 849.135 215.648
541.489 120.52 506.167 80.7532
541.489 120.52 527.825 135.98
541.489 120.52 547.918 122.017
541.489 120.52 538.932 75.9341
703.912 411.84 695.184 394.132
703.912 411.84 664.637 420.426
703.912 411.84 706.705 451.037
703.912 411.84 753.178 404.951
703.912 411.84 753.112 392.773
316.189 850.142 314.971 850.063
316.189 850.142 312.627 855.231
316.189 850.142 337.226 858.854
316.189 850.142 333.293 823.696
664.31 336.995 697.418 287.006
664.31 336.995 627.404 305.974
664.31 336.995 617.248 365.503
664.31 336.995 685.528 351.312
478.412 419.8 453.146 415.427
478.412 419.8 468.956 455.039
478.412 419.8 492.164 427.204
478.412 419.8 516.161 398.23
478.412 419.8 487.967 366.124
74.403 933.865 71.4711 957.978
74.403 933.865 89.5157 954.365
74.403 933.865 131.906 930.474
74.403 933.865 97.8233 878.027
74.403 933.865 67.1501 903.663
74.403 933.865 44.7603 917.199
23.6364 713.063 39.9421 766.933
23.6364 713.063 62.5477 736.382
23.6364 713.063 8.73537 703.376
23.6364 713.063 12.4946 783.434
255.918 520.072 268.454 542.4
255.918 520.072 267.447 530.547
255.918 520.072 280.971 519.002
255.918 520.072 270.253 505.203
255.918 520.072 239.651 496.174
255.918 520.072 204.043 552.684
337.557 628.398 349.995 657.648
337.557 628.398 379.801 637.475
337.557 628.398 363.515 608.881
100.957 619.6 86.5665 591.358
100.957 619.6 69.9013 608.542
100.957 619.6 73.8969 628.739
100.957 619.6 73.8901 649.716
100.957 619.6 129.913 633.113
100.957 619.6 120.455 601.169
100.957 619.6 112.231 595.392
921.149 804.087 923.029 811.305
921.149 804.087 934.067 799.494
921.149 804.087 944.385 770.755
921.149 804.087 937.293 758.838
921.149 804.087 887.102 775.05
921.149 804.087 889.926 800.514
822.065 240.061 802.661 243.943
822.065 240.061 849.135 215.648
822.065 240.061 833.273 208.963
822.065 240.061 798.616 207.696
52.8374 232.574 108.151 252.383
52.8374 232.574 59.9023 188.874
52.8374 232.574 51.6458 193.549
52.8374 232.574 9.87534 203.701
52.8374 232.574 0.0039032 241.51
52.8374 232.574 27.3866 259.642
52.8374 232.574 51.3325 289.749
242.316 346.943 197.099 390.493
242.316 346.943 253.062 383.691
242.316 346.943 262.277 326.781
242.316 346.943 236.59 317.428
242.316 346.943 207.639 315.973
242.316 346.943 187.552 341.626
887.102 775.05 937.293 758.838
887.102 775.05 891.013 752.138
887.102 775.05 863.418 773.446
887.102 775.05 889.926 800.514
71.4711 957.978 89.5157 954.365
71.4711 957.978 44.7603 917.199
71.4711 957.978 20.3991 956.352
71.4711 957.978 34.1439 971.657
71.4711 957.978 41.0169 989.885
71.4711 957.978 62.658 996.805
71.4711 957.978 99.6299 999.835
964.646 946.092 939.859 986.081
964.646 946.092 980.862 957.38
964.646 946.092 987.391 942.654
964.646 946.092 973.39 917.545
964.646 946.092 935.006 930.413
708.788 497.419 675.365 493.506
708.788 497.419 678.799 535.511
708.788 497.419 736.985 517.069
708.788 497.419 784.369 491.605
708.788 497.419 706.705 451.037
0.212477 906.947 11.187 947.56
0.212477 906.947 44.7603 917.199
0.212477 906.947 32.3533 891.227
0.212477 906.947 20.4262 872.443
0.212477 906.947 13.5981 826.114
0.212477 906.947 12.4946 783.434
0.212477 906.947 8.73537 703.376
927.345 508.89 957.581 484.648
927.345 508.89 922.742 503.801
927.345 508.89 918.765 502.525
927.345 508.89 922.922 534.859
860.525 106.089 833.545 84.0174
860.525 106.089 821.212 101.426
860.525 106.089 816.885 129.409
860.525 106.089 813.843 139.563
860.525 106.089 846.829 188.894
860.525 106.089 896.326 113.733
15.8273 956.182 11.187 947.56
15.8273 956.182 20.3991 956.352
430.917 942.885 456.334 971.598
430.917 942.885 458.837 964.631
430.917 942.885 446.854 920.606
511.4 613.084 477.074 556.056
511.4 613.084 460.775 610.733
511.4 613.084 468.785 630.943
511.4 613.084 505.94 629.13
511.4 613.084 515.589 546.967
798.616 207.696 777.911 249.221
798.616 207.696 802.661 243.943
798.616 207.696 833.273 208.963
798.616 207.696 825.592 185.25
798.616 207.696 783.742 173.286
798.616 207.696 750.393 201.811
337.226 858.854 333.293 823.696
337.226 858.854 312.627 855.231
337.226 858.854 330.001 880.62
337.226 858.854 368.657 865.115
105.726 957.53 89.5157 954.365
105.726 957.53 99.6299 999.835
105.726 957.53 130.085 972.355
105.726 957.53 130.639 945.291
105.726 957.53 131.906 930.474
323.275 630.424 299.869 628.365
323.275 630.424 313.972 656.681
323.275 630.424 349.995 657.648
747.404 297.045 719.137 286.034
747.404 297.045 751.567 339.636
747.404 297.045 766.728 295.067
747.404 297.045 779.596 256.266
747.404 297.045 723.763 278.857
487.301 852.647 514.714 844.177
487.301 852.647 492.717 837.529
487.301 852.647 485.402 853.315
487.301 852.647 491.502 870.531
900.405 914.217 921.949 938.06
900.405 914.217 935.006 930.413
900.405 914.217 923.912 894.111
900.405 914.217 895.91 900.867
900.405 914.217 894.622 907.786
900.405 914.217 848.1 929.953
704.786 596.696 673.835 583.112
704.786 596.696 678.854 597.066
704.786 596.696 714.729 617.43
704.786 596.696 748.152 600.398
736.985 517.069 755.694 548.101
736.985 517.069 784.369 491.605
957.581 484.648 976.294 483.139
957.581 484.648 965.523 452.877
957.581 484.648 929.571 475.572
957.581 484.648 922.742 503.801
957.581 484.648 922.922 534.859
859.756 256.166 864.563 286.402
859.756 256.166 885.913 257.814
859.756 256.166 883.871 248.046
859.756 256.166 881.592 242.887
603.338 115.568 630.485 80.4752
603.338 115.568 589.929 83.6513
603.338 115.568 580.398 100.962
603.338 115.568 581.801 145.224
603.338 115.568 641.45 171.245
604.863 39.2777 613.858 6.55021
604.863 39.2777 578.022 39.6038
604.863 39.2777 587.581 53.3173
604.863 39.2777 630.485 80.4752
604.863 39.2777 671.658 41.4215
449.913 674.419 452.44 647.605
449.913 674.419 426.989 642.866
449.913 674.419 412.157 667.575
449.913 674.419 477.315 701.676
402.843 871.012 446.854 920.606
402.843 871.012 419.462 867.211
402.843 871.012 407.598 854.904
402.843 871.012 387.436 862.916
402.843 871.012 368.657 865.115
402.843 871.012 365.524 933.971
957.836 92.5977 896.326 113.733
957.836 92.5977 950.591 135.406
957.836 92.5977 982.008 102.423
957.836 92.5977 988.376 35.963
957.836 92.5977 919.569 34.8318
957.836 92.5977 910.055 57.7796
966.183 995.693 995.347 974.146
966.183 995.693 980.862 957.38
966.183 995.693 939.859 986.081
966.183 995.693 929.289 991.701
966.183 995.693 907.704 998.872
894.633 503.94 918.765 502.525
894.633 503.94 901.217 461.208
894.633 503.94 843.815 489.326
894.633 503.94 829.861 544.042
894.633 503.94 837.074 554.929
894.633 503.94 901.337 554.533
894.633 503.94 922.922 534.859
772.044 170.87 750.393 201.811
772.044 170.87 783.742 173.286
772.044 170.87 786.423 136.056
772.044 170.87 749.232 157.702
772.044 170.87 733.652 174.915
824.536 731.186 847.215 801.196
824.536 731.186 863.418 773.446
824.536 731.186 816.692 719.721
824.536 731.186 780.848 741.45
326.355 483.99 327.442 476.93
326.355 483.99 282.145 501.931
326.355 483.99 280.971 519.002
326.355 483.99 338.477 533.895
326.355 483.99 349.143 521.147
326.355 483.99 371.736 495.949
326.355 483.99 347.075 461.831
130.639 945.291 131.906 930.474
130.639 945.291 130.085 972.355
130.639 945.291 140.478 959.823
201.976 991.998 151.571 986.983
201.976 991.998 99.6299 999.835
201.976 991.998 233.454 998.526
201.976 991.998 228.274 978.869
201.976 991.998 217.224 960.577
96.8336 496.109 154.665 497.944
96.8336 496.109 128.783 462.472
96.8336 496.109 120.081 449.922
96.8336 496.109 82.2645 491.201
96.8336 496.109 85.0398 509.471
96.8336 496.109 93.9503 508.686
96.8336 496.109 139.645 529.376
785.748 601.459 805.6 570.333
785.748 601.459 781.376 598.722
785.748 601.459 748.152 600.398
785.748 601.459 767.909 670.309
785.748 601.459 806.043 620.878
785.748 601.459 822.098 577.851
287.405 100.535 288.375 96.273
287.405 100.535 265.715 89.4943
287.405 100.535 241.134 123.81
287.405 100.535 304.33 156.036
287.405 100.535 312.788 141.993
287.405 100.535 312.661 86.6564
141.023 291.848 134.085 308.253
141.023 291.848 156.57 298.817
141.023 291.848 152.068 281.359
141.023 291.848 135.12 273.006
141.023 291.848 126.264 278.452
509.879 432.668 528.347 418.87
509.879 432.668 516.161 398.23
509.879 432.668 492.164 427.204
509.879 432.668 491.429 473.828
581.801 145.224 580.398 100.962
581.801 145.224 547.918 122.017
581.801 145.224 527.825 135.98
581.801 145.224 552.578 180.506
581.801 145.224 615.977 188.775
581.801 145.224 619.603 187.009
581.801 145.224 641.45 171.245
563.232 981.613 560.941 969.224
563.232 981.613 555.596 987.346
563.232 981.613 569.297 984.068
224.446 448.83 204.338 425.268
224.446 448.83 172.013 459.561
224.446 448.83 222.751 483.293
224.446 448.83 229.692 474.804
224.446 448.83 259.283 464.925
224.446 448.83 249.843 437.184
224.446 448.83 242.341 431.739
183.912 563.401 163.338 564.602
183.912 563.401 178.96 599.007
183.912 563.401 204.043 552.684
183.912 563.401 192.963 540.83
183.912 563.401 163.263 559.831
62.874 792.227 95.3896 791.795
62.874 792.227 97.5295 766.767
62.874 792.227 42.3358 767.446
62.874 792.227 12.4946 783.434
62.874 792.227 36.0179 831.8
62.874 792.227 66.4113 809.773
852.658 412.254 840.294 427.738
852.658 412.254 882.421 445.474
852.658 412.254 869.75 404.237
852.658 412.254 845.665 364.029
852.658 412.254 786.794 367.514
980.363 220.98 970.249 210.391
980.363 220.98 977.149 224.269
980.363 220.98 984.53 268.699
298.467 543.854 283.791 544.052
298.467 543.854 271.537 583.37
298.467 543.854 338.477 533.895
298.467 543.854 280.971 519.002
918.765 502.525 929.571 475.572
918.765 502.525 901.217 461.208
918.765 502.525 922.922 534.859
918.765 502.525 922.742 503.801
380.913 145.305 388.015 112.353
380.913 145.305 361.439 127.659
380.913 145.305 347.038 130.348
380.913 145.305 343.26 171.469
380.913 145.305 376.423 181.968
380.913 145.305 398.702 174.558
380.913 145.305 404.617 162.389
380.913 145.305 415.282 118.2
910.799 739.493 937.293 758.838
910.799 739.493 943.244 660.64
910.799 739.493 887.423 682.672
910.799 739.493 880.118 709.415
910.799 739.493 891.013 752.138
615.977 188.775 552.578 180.506
615.977 188.775 550.045 194.771
615.977 188.775 603.617 220.25
615.977 188.775 649.39 210.177
615.977 188.775 619.603 187.009
643.793 496.527 622.886 559.717
643.793 496.527 665.695 543.179
643.793 496.527 678.799 535.511
643.793 496.527 675.365 493.506
643.793 496.527 645.431 492.443
643.793 496.527 618.494 469.731
643.793 496.527 606.209 473.389
875.948 900.451 847.556 927.805
875.948 900.451 848.1 929.953
875.948 900.451 894.622 907.786
875.948 900.451 895.91 900.867
875.948 900.451 857.977 855.59
875.948 900.451 825.835 871.676
112.231 595.392 86.5665 591.358
112.231 595.392 120.455 601.169
112.231 595.392 138.021 584.714
112.231 595.392 137.779 583.207
223.859 946.606 217.224 960.577
223.859 946.606 248.786 970.538
223.859 946.606 259.476 915.356
223.859 946.606 228.145 907.461
223.859 946.606 207.964 933.935
995.347 974.146 989.997 929.959
995.347 974.146 987.391 942.654
995.347 974.146 980.862 957.38
930.368 573.964 919.584 595.658
930.368 573.964 936.348 576.267
930.368 573.964 928.724 570.499
908.251 379.635 892.103 299.247
908.251 379.635 874.876 363.119
908.251 379.635 899.109 401.227
908.251 379.635 956.796 371.761
48.4727 470.614 14.6505 472.408
48.4727 470.614 36.093 506.407
48.4727 470.614 82.2645 491.201
48.4727 470.614 66.8696 440.943
48.4727 470.614 63.4808 433.592
156.57 298.817 152.068 281.359
156.57 298.817 134.085 308.253
156.57 298.817 164.426 323.088
692.035 778.086 745.459 801.444
692.035 778.086 693.022 731.996
692.035 778.086 656.421 764.499
692.035 778.086 684.763 790.364
692.035 778.086 686.354 812.246
377.473 28.2022 390.233 14.386
377.473 28.2022 371.359 26.4212
377.473 28.2022 363.695 30.6437
377.473 28.2022 391.782 44.1242
874.876 363.119 892.103 299.247
874.876 363.119 868.792 353.181
874.876 363.119 845.665 364.029
874.876 363.119 869.75 404.237
874.876 363.119 899.109 401.227
513.341 796.839 499.102 782.567
513.341 796.839 508.526 801.883
513.341 796.839 526.73 802.906
204.338 425.268 242.341 431.739
204.338 425.268 253.062 383.691
204.338 425.268 197.099 390.493
204.338 425.268 172.276 417.647
204.338 425.268 168.471 443.321
204.338 425.268 172.013 459.561
478.574 475.389 468.956 455.039
478.574 475.389 453.927 464.858
478.574 475.389 483.478 494.562
478.574 475.389 491.429 473.828
97.3604 816.716 143.129 819.672
97.3604 816.716 95.3896 791.795
97.3604 816.716 66.4113 809.773
97.3604 816.716 65.7147 827.182
97.3604 816.716 87.293 871.156
97.3604 816.716 140.591 846.966
341.591 196.581 381.442 218.508
341.591 196.581 376.423 181.968
341.591 196.581 343.26 171.469
341.591 196.581 311.334 203.703
341.591 196.581 330.511 225.757
79.7623 124.681 26.5912 141.946
79.7623 124.681 27.0989 151.998
79.7623 124.681 59.9023 188.874
79.7623 124.681 89.623 182.279
79.7623 124.681 112.037 148.608
79.7623 124.681 94.0908 109.558
79.7623 124.681 58.6832 94.2323
572.082 409.94 545.721 399.582
572.082 409.94 546.741 409.157
572.082 409.94 584.233 422.173
863.396 308.154 892.103 299.247
863.396 308.154 864.563 286.402
863.396 308.154 808.827 316.087
863.396 308.154 845.665 364.029
863.396 308.154 868.792 353.181
135.63 980.114 130.085 972.355
135.63 980.114 99.6299 999.835
135.63 980.114 151.571 986.983
135.63 980.114 140.478 959.823
482.734 962.743 482.453 968.359
482.734 962.743 490.345 964.642
482.734 962.743 523.653 930.243
482.734 962.743 494.284 903.851
482.734 962.743 446.854 920.606
482.734 962.743 458.837 964.631
283.791 544.052 280.971 519.002
283.791 544.052 267.447 530.547
283.791 544.052 268.454 542.4
283.791 544.052 271.537 583.37
631.04 263.847 627.404 305.974
631.04 263.847 697.418 287.006
631.04 263.847 697.061 222.595
631.04 263.847 649.39 210.177
631.04 263.847 598.309 244.405
191.147 637.152 237.063 649.524
191.147 637.152 226.498 632.319
191.147 637.152 182.395 622.281
191.147 637.152 170.399 652.306
191.147 637.152 173.648 667.999
191.147 637.152 206.397 688.777
645.431 492.443 675.365 493.506
645.431 492.443 645.103 424.383
645.431 492.443 618.494 469.731
382.787 638.969 390.295 654.177
382.787 638.969 390.126 648.013
382.787 638.969 420.717 645.591
382.787 638.969 436.982 600.952
382.787 638.969 428.101 588.005
382.787 638.969 372.522 595.966
382.787 638.969 379.801 637.475
317.711 920.26 330.001 880.62
317.711 920.26 311.63 881.141
317.711 920.26 284.956 912.017
317.711 920.26 320.79 937.944
317.711 920.26 365.524 933.971
220.807 743.155 209.756 728.798
220.807 743.155 174.397 757.476
220.807 743.155 245.902 777.473
312.627 855.231 314.971 850.063
312.627 855.231 264.056 825.853
312.627 855.231 304.302 867.112
312.627 855.231 311.63 881.141
312.627 855.231 330.001 880.62
365.524 933.971 378.168 946.111
365.524 933.971 368.657 865.115
365.524 933.971 330.001 880.62
365.524 933.971 320.79 937.944
365.524 933.971 325.407 973.628
365.524 933.971 367.742 978.89
477.786 867.233 491.502 870.531
477.786 867.233 485.402 853.315
477.786 867.233 465.693 863.929
477.786 867.233 469.487 879.557
316.045 416.621 327.442 476.93
316.045 416.621 347.075 461.831
316.045 416.621 348.813 374.261
316.045 416.621 304.192 390.392
316.045 416.621 297.886 399.428
316.045 416.621 279.696 415.064
316.045 416.621 272.006 428.065
741.731 49.2536 710.758 52.6502
741.731 49.2536 751.974 77.6374
741.731 49.2536 757.335 61.5848
741.731 49.2536 761.495 57.4445
741.731 49.2536 754.585 15.5989
242.865 646.428 226.498 632.319
242.865 646.428 237.063 649.524
242.865 646.428 313.972 656.681
242.865 646.428 299.869 628.365
242.865 646.428 250.32 622.299
304.33 156.036 262.111 201.589
304.33 156.036 278.348 209.052
304.33 156.036 294.57 207.23
304.33 156.036 311.334 203.703
304.33 156.036 343.26 171.469
304.33 156.036 312.788 141.993
304.33 156.036 241.134 123.81
304.33 156.036 238.526 158.962
462.3 817.716 451.72 797.581
462.3 817.716 438.857 821.059
462.3 817.716 450.012 855.842
462.3 817.716 454.344 857.707
462.3 817.716 485.402 853.315
462.3 817.716 476.721 818.003
462.3 817.716 478.861 809.986
917.617 969.93 921.949 938.06
917.617 969.93 907.704 998.872
917.617 969.93 916.412 992.945
917.617 969.93 924.057 981.525
917.617 969.93 923.315 966.493
894.622 907.786 848.1 929.953
894.622 907.786 895.91 900.867
451.72 797.581 438.857 821.059
451.72 797.581 478.861 809.986
451.72 797.581 477.669 777.969
451.72 797.581 460.753 769.167
451.72 797.581 389.419 780.627
438.857 821.059 450.012 855.842
438.857 821.059 389.419 780.627
438.857 821.059 407.598 854.904
970.249 210.391 974.719 200.345
970.249 210.391 965.229 210.167
970.249 210.391 977.149 224.269
560.941 969.224 562.302 960.515
560.941 969.224 521.909 965.093
560.941 969.224 522.256 975.016
560.941 969.224 555.596 987.346
560.941 969.224 569.297 984.068
560.941 969.224 578.978 982.734
378.168 946.111 367.742 978.89
454.344 857.707 450.012 855.842
454.344 857.707 469.487 879.557
454.344 857.707 465.693 863.929
454.344 857.707 485.402 853.315
478.861 809.986 476.721 818.003
478.861 809.986 492.717 837.529
478.861 809.986 508.526 801.883
478.861 809.986 499.102 782.567
478.861 809.986 477.669 777.969
818.654 653.553 859.069 674.17
818.654 653.553 842.313 626.76
818.654 653.553 806.043 620.878
818.654 653.553 817.582 687.768
818.654 653.553 838.262 682.607
352.233 365.012 362.443 360.683
352.233 365.012 347.933 361.631
352.233 365.012 348.813 374.261
900.088 593.638 918.71 645.257
900.088 593.638 919.584 595.658
900.088 593.638 928.724 570.499
900.088 593.638 923.594 561.317
900.088 593.638 901.337 554.533
900.088 593.638 860.129 598.336
550.045 194.771 584.295 238.379
550.045 194.771 603.617 220.25
550.045 194.771 552.578 180.506
550.045 194.771 525.604 174.633
550.045 194.771 515.694 224.073
786.423 136.056 746.221 117.522
786.423 136.056 749.232 157.702
786.423 136.056 783.742 173.286
786.423 136.056 813.843 139.563
786.423 136.056 816.885 129.409
786.423 136.056 821.212 101.426
786.423 136.056 763.44 100.653
355.234 26.9755 360.495 67.8892
355.234 26.9755 363.695 30.6437
355.234 26.9755 371.359 26.4212
355.234 26.9755 343.352 26.9816
974.719 200.345 989.652 178.637
974.719 200.345 971.132 175.971
974.719 200.345 954.546 192.192
974.719 200.345 965.229 210.167
37.9572 656.163 51.0989 643.093
37.9572 656.163 3.17014 611.442
412.157 667.575 426.989 642.866
412.157 667.575 420.717 645.591
412.157 667.575 390.295 654.177
412.157 667.575 398.405 679.109
412.157 667.575 417.838 714.328
262.111 201.589 254.774 215.051
262.111 201.589 278.348 209.052
262.111 201.589 238.526 158.962
262.111 201.589 223.194 183.017
42.7798 313.054 92.0011 330.618
42.7798 313.054 51.3325 289.749
42.7798 313.054 1.75232 263.394
42.7798 313.054 24.696 331.659
766.728 295.067 779.596 256.266
766.728 295.067 751.567 339.636
766.728 295.067 808.827 316.087
214.676 211.081 191.297 192.662
214.676 211.081 220.858 227.749
214.676 211.081 254.774 215.051
214.676 211.081 223.194 183.017
515.589 546.967 533.242 532.225
515.589 546.967 477.074 556.056
66.4113 809.773 95.3896 791.795
66.4113 809.773 36.0179 831.8
66.4113 809.773 65.7147 827.182
654.911 799.901 656.421 764.499
654.911 799.901 645.933 795.516
654.911 799.901 617.77 810.505
654.911 799.901 686.354 812.246
654.911 799.901 682.533 798.468
654.911 799.901 684.763 790.364
151.571 986.983 99.6299 999.835
151.571 986.983 217.224 960.577
151.571 986.983 140.478 959.823
264.056 825.853 314.971 850.063
264.056 825.853 333.293 823.696
264.056 825.853 335.571 804.628
264.056 825.853 308.644 768.854
264.056 825.853 260.479 788.13
264.056 825.853 250.422 800.774
264.056 825.853 223.9 805.945
264.056 825.853 202.6 820.13
264.056 825.853 255.959 876.767
264.056 825.853 304.302 867.112
665.231 641.272 622.997 621.14
665.231 641.272 604.917 635.651
665.231 641.272 637.079 710.461
665.231 641.272 643.247 709.896
665.231 641.272 691.664 650.125
665.231 641.272 678.854 597.066
665.231 641.272 657.7 615.458
700.324 216.705 697.061 222.595
700.324 216.705 750.393 201.811
700.324 216.705 733.652 174.915
700.324 216.705 687.133 192.207
700.324 216.705 694.808 214.233
551.65 792.849 526.73 802.906
551.65 792.849 555.34 836.296
551.65 792.849 577.416 765.21
551.65 792.849 545.721 771.636
11.187 947.56 20.3991 956.352
11.187 947.56 44.7603 917.199
235.115 616.27 226.498 632.319
235.115 616.27 250.235 596.201
640.655 844.754 624.715 854.035
640.655 844.754 631.403 878.333
640.655 844.754 617.77 810.505
640.655 844.754 613.024 815.065
825.592 185.25 833.273 208.963
825.592 185.25 846.829 188.894
825.592 185.25 813.843 139.563
825.592 185.25 783.742 173.286
237.063 649.524 226.498 632.319
237.063 649.524 206.397 688.777
237.063 649.524 289.049 728.299
695.184 394.132 661.523 384.619
695.184 394.132 664.637 420.426
695.184 394.132 753.112 392.773
695.184 394.132 688.519 364.577
862.2 470.296 825.386 436.814
862.2 470.296 836.792 478.852
862.2 470.296 843.815 489.326
862.2 470.296 882.421 445.474
862.2 470.296 840.294 427.738
527.02 44.4222 557.999 26.7698
527.02 44.4222 488.275 16.7714
527.02 44.4222 538.932 75.9341
527.02 44.4222 565.643 45.5168
388.015 112.353 332.691 96.3838
388.015 112.353 361.439 127.659
388.015 112.353 415.282 118.2
388.015 112.353 440.94 64.4334
388.015 112.353 391.782 44.1242
388.015 112.353 360.495 67.8892
599.252 351.145 605.427 354.768
599.252 351.145 569.647 343.586
768.936 822.164 825.835 871.676
768.936 822.164 847.215 801.196
217.224 960.577 207.964 933.935
217.224 960.577 140.478 959.823
217.224 960.577 228.274 978.869
508.526 801.883 492.717 837.529
508.526 801.883 514.714 844.177
508.526 801.883 526.73 802.906
508.526 801.883 499.102 782.567
327.442 476.93 347.075 461.831
327.442 476.93 272.006 428.065
327.442 476.93 259.283 464.925
327.442 476.93 282.145 501.931
0.0039032 241.51 1.75232 263.394
0.0039032 241.51 27.3866 259.642
0.0039032 241.51 9.87534 203.701
0.0039032 241.51 10.6588 135.252
864.056 681.278 861.241 701.732
864.056 681.278 887.423 682.672
864.056 681.278 874.272 674.703
864.056 681.278 859.069 674.17
864.056 681.278 838.262 682.607
922.922 534.859 936.348 576.267
922.922 534.859 976.294 483.139
922.922 534.859 901.337 554.533
922.922 534.859 921.142 551.3
267.447 530.547 268.454 542.4
267.447 530.547 280.971 519.002
476.721 818.003 492.717 837.529
476.721 818.003 485.402 853.315
338.477 533.895 349.143 521.147
338.477 533.895 280.971 519.002
338.477 533.895 360.277 535.449
849.135 215.648 841.985 208.164
849.135 215.648 833.273 208.963
849.135 215.648 860.565 217.467
849.135 215.648 846.829 188.894
802.661 243.943 777.911 249.221
802.661 243.943 779.596 256.266
802.661 243.943 808.827 316.087
506.167 80.7532 527.825 135.98
506.167 80.7532 538.932 75.9341
506.167 80.7532 488.275 16.7714
506.167 80.7532 440.94 64.4334
587.518 895.018 550.538 849.924
587.518 895.018 524.384 909.518
587.518 895.018 566.374 940.519
587.518 895.018 591.053 922.727
587.518 895.018 620.319 882.869
587.518 895.018 612.513 871.862
587.518 895.018 592.176 867.881
634.077 989.104 827.261 979.296
634.077 989.104 712.712 961.429
634.077 989.104 627.23 964.884
634.077 989.104 624.148 986.096
634.077 989.104 572.958 989.848
381.965 719.049 417.838 714.328
381.965 719.049 382.944 716.602
381.965 719.049 383.828 710.341
381.965 719.049 330.594 725.845
381.965 719.049 389.419 780.627
499.859 325.757 458.02 376.849
499.859 325.757 487.967 366.124
499.859 325.757 505.806 337.731
499.859 325.757 457.372 278.078
499.859 325.757 426.729 363.105
825.386 436.814 786.794 367.514
825.386 436.814 769.122 399.651
825.386 436.814 768.245 426.251
825.386 436.814 791.832 476.587
825.386 436.814 836.792 478.852
825.386 436.814 840.294 427.738
829.861 544.042 843.815 489.326
829.861 544.042 784.369 491.605
829.861 544.042 791.406 546.611
829.861 544.042 805.6 570.333
829.861 544.042 830.684 568.033
829.861 544.042 837.074 554.929
710.758 52.6502 754.585 15.5989
453.146 415.427 435.764 447.904
453.146 415.427 468.956 455.039
453.146 415.427 442.775 399.829
613.858 6.55021 950.103 3.88889
613.858 6.55021 369.888 1.86822
613.858 6.55021 483.007 16.1394
613.858 6.55021 563.516 15.513
613.858 6.55021 578.022 39.6038
613.858 6.55021 671.658 41.4215
613.858 6.55021 754.585 15.5989
263.627 238.498 283.887 227.992
263.627 238.498 279.406 226.587
263.627 238.498 254.774 215.051
263.627 238.498 264.292 281.218
449.351 531.616 415.427 552.214
449.351 531.616 420.863 557.944
449.351 531.616 452.846 577.677
449.351 531.616 477.074 556.056
449.351 531.616 484.468 546.602
449.351 531.616 470.553 497.26
449.351 531.616 443.238 490.159
449.351 531.616 428.842 492.036
449.351 531.616 408.447 512.286
624.715 854.035 613.024 815.065
624.715 854.035 618.908 859.091
624.715 854.035 631.403 878.333
320.79 937.944 284.956 912.017
320.79 937.944 266.25 986.903
320.79 937.944 316.006 975.287
320.79 937.944 325.407 973.628
128.783 462.472 120.081 449.922
128.783 462.472 154.665 497.944
128.783 462.472 160.924 460.115
128.783 462.472 137.617 446.913
895.91 900.867 923.912 894.111
863.418 773.446 847.215 801.196
863.418 773.446 889.926 800.514
863.418 773.446 891.013 752.138
253.062 383.691 255.016 383.464
253.062 383.691 197.099 390.493
253.062 383.691 242.341 431.739
253.062 383.691 272.006 428.065
253.062 383.691 279.696 415.064
921.142 551.3 901.337 554.533
921.142 551.3 923.594 561.317
921.142 551.3 936.348 576.267
89.623 182.279 59.9023 188.874
937.293 758.838 891.013 752.138
937.293 758.838 944.385 770.755
818.072 52.3063 834.553 33.0363
818.072 52.3063 798.299 29.1442
818.072 52.3063 776.394 79.5083
818.072 52.3063 821.212 101.426
818.072 52.3063 833.545 84.0174
371.736 495.949 349.143 521.147
371.736 495.949 368.671 514.722
371.736 495.949 428.842 492.036
371.736 495.949 374.539 447.607
371.736 495.949 347.075 461.831
20.4262 872.443 32.3533 891.227
20.4262 872.443 56.275 874.206
20.4262 872.443 26.1391 844.842
20.4262 872.443 13.5981 826.114
172.276 417.647 137.617 446.913
172.276 417.647 168.471 443.321
172.276 417.647 197.099 390.493
207.964 933.935 190.213 881.408
207.964 933.935 140.478 959.823
207.964 933.935 228.145 907.461
301.501 725.31 308.539 718.055
301.501 725.31 289.049 728.299
301.501 725.31 330.594 725.845
460.753 769.167 417.838 714.328
460.753 769.167 389.419 780.627
460.753 769.167 477.669 777.969
954.546 192.192 888.973 213.907
954.546 192.192 929.556 237.121
954.546 192.192 965.229 210.167
954.546 192.192 971.132 175.971
954.546 192.192 969.766 170.983
954.546 192.192 952.229 161.202
954.546 192.192 939.736 158.031
545.64 691.193 548.797 678.113
545.64 691.193 532.727 693.045
545.64 691.193 559.888 715.928
860.565 217.467 881.592 242.887
860.565 217.467 888.973 213.907
860.565 217.467 846.829 188.894
163.338 564.602 146.1 575.994
163.338 564.602 178.96 599.007
163.338 564.602 163.263 559.831
160.924 460.115 168.471 443.321
160.924 460.115 137.617 446.913
160.924 460.115 154.665 497.944
160.924 460.115 172.013 459.561
847.556 927.805 825.835 871.676
847.556 927.805 848.1 929.953
562.312 728.942 545.721 771.636
562.312 728.942 577.416 765.21
562.312 728.942 599.404 755.82
562.312 728.942 585.955 719.098
562.312 728.942 569.881 719.759
562.312 728.942 559.888 715.928
562.312 728.942 519.961 717.183
390.295 654.177 379.801 637.475
390.295 654.177 349.995 657.648
390.295 654.177 420.717 645.591
390.295 654.177 390.126 648.013
637.079 710.461 604.917 635.651
637.079 710.461 618.272 714.511
637.079 710.461 643.058 728.995
637.079 710.461 643.004 710.109
637.079 710.461 643.247 709.896
840.963 621.835 806.043 620.878
840.963 621.835 842.313 626.76
840.963 621.835 860.129 598.336
840.963 621.835 836.239 602.692
226.498 632.319 182.395 622.281
492.164 427.204 468.956 455.039
492.164 427.204 491.429 473.828
492.164 427.204 516.161 398.23
428.101 588.005 452.846 577.677
428.101 588.005 420.863 557.944
428.101 588.005 372.522 595.966
428.101 588.005 436.982 600.952
999.662 617.911 985.817 612.969
999.662 617.911 987.771 650.697
999.662 617.911 998.979 650.259
999.662 617.911 988.428 347.71
999.662 617.911 978.691 444.391
999.662 617.911 976.294 483.139
999.662 617.911 984.727 606.745
438.194 248.522 370.654 268.602
438.194 248.522 457.372 278.078
438.194 248.522 515.694 224.073
438.194 248.522 428.91 225.577
860.129 598.336 842.313 626.76
860.129 598.336 883.28 670.644
860.129 598.336 918.71 645.257
860.129 598.336 901.337 554.533
860.129 598.336 837.074 554.929
860.129 598.336 836.662 577.424
860.129 598.336 836.239 602.692
505.806 337.731 487.967 366.124
505.806 337.731 507.235 361.778
505.806 337.731 522.155 348.496
250.422 800.774 223.9 805.945
250.422 800.774 260.479 788.13
250.422 800.774 257.856 784.898
250.422 800.774 245.902 777.473
229.692 474.804 222.751 483.293
229.692 474.804 239.651 496.174
229.692 474.804 259.283 464.925
51.6213 886.881 56.275 874.206
51.6213 886.881 32.3533 891.227
51.6213 886.881 49.1604 890.419
51.6213 886.881 67.1501 903.663
51.6213 886.881 76.5784 874.208
520.237 969.42 490.345 964.642
520.237 969.42 488.796 972.859
520.237 969.42 522.256 975.016
520.237 969.42 521.909 965.093
617.77 810.505 645.933 795.516
617.77 810.505 606.87 797.042
617.77 810.505 613.024 815.065
26.5912 141.946 22.6548 108.875
26.5912 141.946 10.6588 135.252
26.5912 141.946 27.0989 151.998
825.835 871.676 857.977 855.59
825.835 871.676 847.215 801.196
390.233 14.386 371.359 26.4212
390.233 14.386 391.782 44.1242
390.233 14.386 448.908 15.522
390.233 14.386 369.888 1.86822
146.256 219.392 108.151 252.383
146.256 219.392 120.744 256.628
146.256 219.392 135.12 273.006
146.256 219.392 171.804 276.97
146.256 219.392 148.188 217.415
666.352 163.42 641.45 171.245
666.352 163.42 707.853 151.11
368.657 865.115 330.001 880.62
368.657 865.115 387.436 862.916
368.657 865.115 333.293 823.696
777.911 249.221 723.763 278.857
777.911 249.221 779.596 256.266
707.853 151.11 749.232 157.702
707.853 151.11 746.221 117.522
707.853 151.11 697.578 117.521
206.381 58.7614 228.576 34.7628
206.381 58.7614 179.118 0.576161
206.381 58.7614 182.53 62.636
206.381 58.7614 189.107 77.1963
206.381 58.7614 194.194 81.7312
206.381 58.7614 217.072 69.1219
162.821 700.703 192.439 714.346
162.821 700.703 206.397 688.777
162.821 700.703 173.648 667.999
162.821 700.703 149.074 648.383
162.821 700.703 131.506 702.873
162.821 700.703 157.281 710.29
270.253 505.203 259.283 464.925
270.253 505.203 239.651 496.174
270.253 505.203 280.971 519.002
270.253 505.203 280.352 510.935
270.253 505.203 282.145 501.931
65.7147 827.182 36.0179 831.8
65.7147 827.182 62.5125 863.934
65.7147 827.182 87.293 871.156
312.788 141.993 343.26 171.469
312.788 141.993 347.038 130.348
312.788 141.993 332.691 96.3838
312.788 141.993 312.661 86.6564
465.693 863.929 469.487 879.557
465.693 863.929 485.402 853.315
638.559 763.843 621.008 756.134
638.559 763.843 606.87 797.042
638.559 763.843 645.933 795.516
638.559 763.843 656.421 764.499
638.559 763.843 643.058 728.995
260.479 788.13 257.856 784.898
260.479 788.13 308.644 768.854
260.479 788.13 287.876 762.874
26.1391 844.842 30.4106 841.791
26.1391 844.842 13.5981 826.114
26.1391 844.842 56.275 874.206
555.34 836.296 550.538 849.924
555.34 836.296 592.176 867.881
555.34 836.296 526.73 802.906
555.34 836.296 514.714 844.177
42.9072 899.482 44.7603 917.199
42.9072 899.482 67.1501 903.663
42.9072 899.482 49.1604 890.419
42.9072 899.482 32.3533 891.227
314.971 850.063 333.293 823.696
491.429 473.828 468.956 455.039
491.429 473.828 483.478 494.562
160.24 111.06 132.636 146.211
160.24 111.06 151.831 86.4745
160.24 111.06 112.272 93.8276
272.006 428.065 259.283 464.925
272.006 428.065 279.696 415.064
272.006 428.065 242.341 431.739
272.006 428.065 249.843 437.184
89.5157 954.365 131.906 930.474
89.5157 954.365 99.6299 999.835
202.6 820.13 178.161 802.986
202.6 820.13 192.494 821.439
202.6 820.13 255.959 876.767
202.6 820.13 223.9 805.945
606.87 797.042 621.008 756.134
606.87 797.042 602.871 763.068
606.87 797.042 577.416 765.21
606.87 797.042 598.126 804.931
606.87 797.042 613.024 815.065
606.87 797.042 645.933 795.516
189.107 77.1963 194.194 81.7312
189.107 77.1963 182.53 62.636
630.485 80.4752 679.788 88.268
630.485 80.4752 677.637 54.9535
630.485 80.4752 671.658 41.4215
630.485 80.4752 587.581 53.3173
630.485 80.4752 589.929 83.6513
630.485 80.4752 677.635 93.5622
923.912 894.111 948.83 885.568
923.912 894.111 915.465 868.86
923.912 894.111 935.006 930.413
387.436 862.916 389.419 780.627
387.436 862.916 333.293 823.696
387.436 862.916 407.598 854.904
143.129 819.672 140.591 846.966
143.129 819.672 192.494 821.439
143.129 819.672 174.288 802.624
143.129 819.672 174.397 757.476
143.129 819.672 97.5295 766.767
143.129 819.672 95.3896 791.795
751.974 77.6374 750.227 86.9879
751.974 77.6374 776.394 79.5083
751.974 77.6374 757.335 61.5848
697.061 222.595 694.808 214.233
697.061 222.595 649.39 210.177
697.061 222.595 697.418 287.006
697.061 222.595 723.763 278.857
92.0011 330.618 51.3325 289.749
92.0011 330.618 24.696 331.659
92.0011 330.618 171.999 347.766
92.0011 330.618 112.532 316.695
236.59 317.428 207.639 315.973
236.59 317.428 262.277 326.781
236.59 317.428 257.448 309.018
236.59 317.428 264.292 281.218
565.643 45.5168 538.932 75.9341
565.643 45.5168 589.929 83.6513
565.643 45.5168 587.581 53.3173
565.643 45.5168 578.022 39.6038
565.643 45.5168 557.999 26.7698
361.439 127.659 332.691 96.3838
361.439 127.659 347.038 130.348
585.71 340.122 581.713 318.859
585.71 340.122 569.647 343.586
631.403 878.333 672.983 865.555
631.403 878.333 618.908 859.091
631.403 878.333 612.513 871.862
631.403 878.333 620.319 882.869
631.403 878.333 668.626 895.054
943.244 660.64 918.71 645.257
943.244 660.64 887.423 682.672
943.244 660.64 978.649 678.34
943.244 660.64 950.99 646.36
411.29 373.822 362.443 360.683
411.29 373.822 348.813 374.261
411.29 373.822 431.546 412.947
411.29 373.822 442.775 399.829
411.29 373.822 426.729 363.105
411.29 373.822 394.957 335.245
404.617 162.389 415.282 118.2
404.617 162.389 398.702 174.558
268.454 542.4 204.043 552.684
268.454 542.4 250.235 596.201
268.454 542.4 271.537 583.37
228.274 978.869 233.454 998.526
228.274 978.869 235.877 993.175
718.902 662.043 729.097 693.888
718.902 662.043 734.657 667.48
718.902 662.043 719.71 654.658
718.902 662.043 691.664 650.125
132.636 146.211 173.388 174.442
132.636 146.211 179.482 166.811
132.636 146.211 112.272 93.8276
132.636 146.211 127.639 147.083
402.102 204.796 398.702 174.558
402.102 204.796 376.423 181.968
402.102 204.796 381.442 218.508
402.102 204.796 428.91 225.577
936.348 576.267 923.594 561.317
936.348 576.267 928.724 570.499
936.348 576.267 919.584 595.658
936.348 576.267 944.903 603.913
936.348 576.267 984.727 606.745
936.348 576.267 976.294 483.139
63.4808 433.592 66.8696 440.943
63.4808 433.592 76.1148 436.99
757.335 61.5848 776.394 79.5083
757.335 61.5848 761.495 57.4445
239.651 496.174 222.751 483.293
239.651 496.174 192.963 540.83
239.651 496.174 204.043 552.684
894.119 40.0953 910.055 57.7796
894.119 40.0953 919.569 34.8318
894.119 40.0953 871.811 24.349
750.227 86.9879 742.283 104.042
750.227 86.9879 763.44 100.653
750.227 86.9879 776.394 79.5083
524.325 691.012 514.624 708.386
524.325 691.012 532.727 693.045
524.325 691.012 548.797 678.113
524.325 691.012 511.387 639.382
524.325 691.012 477.315 701.676
316.006 975.287 266.25 986.903
316.006 975.287 325.407 973.628
694.808 214.233 687.133 192.207
694.808 214.233 649.39 210.177
806.043 620.878 767.909 670.309
806.043 620.878 842.313 626.76
806.043 620.878 836.239 602.692
806.043 620.878 822.098 577.851
207.639 315.973 264.292 281.218
207.639 315.973 171.804 276.97
207.639 315.973 187.552 341.626
254.774 215.051 223.194 183.017
254.774 215.051 279.406 226.587
254.774 215.051 278.348 209.052
915.465 868.86 948.83 885.568
915.465 868.86 955.02 862.24
915.465 868.86 941.208 841.765
915.465 868.86 857.977 855.59
290.056 760.811 308.644 768.854
290.056 760.811 289.049 728.299
290.056 760.811 287.876 762.874
687.133 192.207 733.652 174.915
687.133 192.207 649.39 210.177
919.584 595.658 928.724 570.499
919.584 595.658 918.71 645.257
919.584 595.658 944.903 603.913
599.884 561.22 583.02 510.635
599.884 561.22 577.001 554.271
599.884 561.22 581.044 561.864
599.884 561.22 615.451 605.761
599.884 561.22 622.886 559.717
51.6458 193.549 59.9023 188.874
51.6458 193.549 27.0989 151.998
51.6458 193.549 9.87534 203.701
976.294 483.139 984.727 606.745
976.294 483.139 978.691 444.391
869.75 404.237 899.109 401.227
869.75 404.237 845.665 364.029
929.556 237.121 881.592 242.887
929.556 237.121 883.871 248.046
929.556 237.121 885.913 257.814
929.556 237.121 984.53 268.699
929.556 237.121 977.149 224.269
929.556 237.121 965.229 210.167
929.556 237.121 888.973 213.907
35.8301 997.353 99.6299 999.835
35.8301 997.353 62.658 996.805
35.8301 997.353 41.0169 989.885
35.8301 997.353 34.1439 971.657
248.786 970.538 284.956 912.017
248.786 970.538 259.476 915.356
248.786 970.538 235.877 993.175
248.786 970.538 266.25 986.903
784.369 491.605 843.815 489.326
784.369 491.605 836.792 478.852
784.369 491.605 791.832 476.587
784.369 491.605 768.245 426.251
784.369 491.605 706.705 451.037
784.369 491.605 755.694 548.101
784.369 491.605 791.406 546.611
428.91 225.577 515.694 224.073
428.91 225.577 504.102 171.953
428.91 225.577 381.442 218.508
428.91 225.577 370.654 268.602
120.081 449.922 76.1148 436.99
120.081 449.922 82.2645 491.201
120.081 449.922 137.617 446.913
881.592 242.887 883.871 248.046
881.592 242.887 888.973 213.907
477.315 701.676 507.897 714.45
477.315 701.676 514.624 708.386
672.983 865.555 668.626 895.054
308.539 718.055 323.431 714.778
308.539 718.055 324.594 697.406
308.539 718.055 289.049 728.299
308.539 718.055 330.594 725.845
977.149 224.269 984.53 268.699
977.149 224.269 965.229 210.167
656.421 764.499 645.933 795.516
656.421 764.499 684.763 790.364
656.421 764.499 693.022 731.996
656.421 764.499 643.058 728.995
112.037 148.608 94.0908 109.558
112.037 148.608 127.639 147.083
348.813 374.261 362.443 360.683
348.813 374.261 347.933 361.631
347.038 130.348 332.691 96.3838
347.038 130.348 343.26 171.469
612.513 871.862 618.908 859.091
612.513 871.862 592.176 867.881
612.513 871.862 620.319 882.869
112.272 93.8276 94.0908 109.558
112.272 93.8276 127.639 147.083
112.272 93.8276 151.831 86.4745
112.272 93.8276 161.57 48.5341
112.272 93.8276 86.7626 51.1385
112.272 93.8276 58.6832 94.2323
521.909 965.093 490.345 964.642
521.909 965.093 522.256 975.016
521.909 965.093 562.302 960.515
521.909 965.093 523.653 930.243
44.7603 917.199 67.1501 903.663
44.7603 917.199 32.3533 891.227
44.7603 917.199 20.3991 956.352
191.297 192.662 179.482 166.811
191.297 192.662 173.388 174.442
191.297 192.662 148.188 217.415
191.297 192.662 223.194 183.017
191.297 192.662 210.829 154.764
66.8696 440.943 76.1148 436.99
66.8696 440.943 82.2645 491.201
151.831 86.4745 182.53 62.636
151.831 86.4745 161.57 48.5341
691.664 650.125 719.71 654.658
691.664 650.125 727.243 635.221
691.664 650.125 714.729 617.43
691.664 650.125 678.854 597.066
22.6548 108.875 77.7678 4.88096
22.6548 108.875 10.6588 135.252
259.283 464.925 282.145 501.931
259.283 464.925 249.843 437.184
71.5232 647.639 73.8901 649.716
71.5232 647.639 73.8969 628.739
71.5232 647.639 51.0989 643.093
306.033 227.539 311.334 203.703
306.033 227.539 294.57 207.23
306.033 227.539 283.887 227.992
306.033 227.539 264.292 281.218
306.033 227.539 317.744 316.377
306.033 227.539 330.511 225.757
581.713 318.859 519.769 287.903
581.713 318.859 569.647 343.586
581.713 318.859 627.404 305.974
581.713 318.859 598.309 244.405
581.713 318.859 584.295 238.379
264.859 25.4959 289.803 31.906
264.859 25.4959 255.17 27.5149
264.859 25.4959 257.168 39.4368
264.859 25.4959 276.824 52.5274
843.815 489.326 836.792 478.852
805.875 949.592 786.112 954.685
805.875 949.592 814.878 971.145
805.875 949.592 816.765 954.885
59.9023 188.874 27.0989 151.998
283.887 227.992 294.57 207.23
283.887 227.992 278.348 209.052
283.887 227.992 279.406 226.587
283.887 227.992 264.292 281.218
716.48 859.672 717.526 887.481
716.48 859.672 749.472 887.532
603.617 220.25 584.295 238.379
603.617 220.25 598.309 244.405
603.617 220.25 649.39 210.177
956.796 371.761 988.428 347.71
956.796 371.761 892.103 299.247
956.796 371.761 942.975 397.509
956.796 371.761 958.173 406.357
241.134 123.81 265.715 89.4943
241.134 123.81 230.764 83.3326
241.134 123.81 194.194 81.7312
241.134 123.81 235.994 135.191
241.134 123.81 238.526 158.962
837.074 554.929 901.337 554.533
837.074 554.929 830.684 568.033
837.074 554.929 836.662 577.424
834.553 33.0363 833.545 84.0174
834.553 33.0363 848.666 28.7801
834.553 33.0363 798.299 29.1442
280.352 510.935 280.971 519.002
280.352 510.935 282.145 501.931
192.494 821.439 178.161 802.986
192.494 821.439 174.288 802.624
192.494 821.439 140.591 846.966
192.963 540.83 204.043 552.684
192.963 540.83 222.751 483.293
442.775 399.829 458.02 376.849
442.775 399.829 426.729 363.105
442.775 399.829 431.546 412.947
146.1 575.994 178.96 599.007
146.1 575.994 163.263 559.831
146.1 575.994 137.779 583.207
146.1 575.994 138.021 584.714
805.6 570.333 791.406 546.611
805.6 570.333 781.376 598.722
805.6 570.333 822.098 577.851
805.6 570.333 830.684 568.033
209.756 728.798 206.397 688.777
209.756 728.798 202.319 720.815
209.756 728.798 174.397 757.476
428.842 492.036 435.764 447.904
428.842 492.036 374.539 447.607
428.842 492.036 408.447 512.286
428.842 492.036 443.238 490.159
428.842 492.036 453.927 464.858
528.347 418.87 517.773 398.417
528.347 418.87 516.161 398.23
528.347 418.87 546.741 409.157
528.347 418.87 545.721 399.582
178.96 599.007 138.021 584.714
178.96 599.007 133.88 601.913
178.96 599.007 182.395 622.281
955.02 862.24 948.83 885.568
955.02 862.24 968.477 888.481
955.02 862.24 982.889 855.433
955.02 862.24 941.208 841.765
56.275 874.206 76.5784 874.208
56.275 874.206 62.5125 863.934
56.275 874.206 30.4106 841.791
56.275 874.206 32.3533 891.227
577.001 554.271 583.02 510.635
577.001 554.271 569.05 528.688
577.001 554.271 533.242 532.225
577.001 554.271 581.044 561.864
569.05 528.688 583.02 510.635
569.05 528.688 521.28 512.615
569.05 528.688 533.242 532.225
458.02 376.849 426.729 363.105
458.02 376.849 487.967 366.124
494.284 903.851 491.502 870.531
494.284 903.851 469.487 879.557
494.284 903.851 446.854 920.606
494.284 903.851 523.653 930.243
494.284 903.851 524.384 909.518
939.859 986.081 929.289 991.701
939.859 986.081 980.862 957.38
939.859 986.081 923.315 966.493
939.859 986.081 924.057 981.525
848.1 929.953 832.466 957.587
259.476 915.356 255.959 876.767
259.476 915.356 228.145 907.461
259.476 915.356 284.956 912.017
259.476 915.356 278.967 892.529
131.506 702.873 118.98 663.916
131.506 702.873 74.54 710.739
131.506 702.873 115.339 721.079
131.506 702.873 157.281 710.29
131.506 702.873 149.074 648.383
94.0908 109.558 127.639 147.083
94.0908 109.558 58.6832 94.2323
643.238 380.991 617.248 365.503
643.238 380.991 632.697 394.477
643.238 380.991 661.523 384.619
929.571 475.572 901.217 461.208
929.571 475.572 922.742 503.801
929.571 475.572 965.523 452.877
685.528 351.312 751.567 339.636
685.528 351.312 719.137 286.034
685.528 351.312 697.418 287.006
685.528 351.312 688.519 364.577
950.99 646.36 978.649 678.34
950.99 646.36 987.771 650.697
950.99 646.36 985.817 612.969
950.99 646.36 944.903 603.913
950.99 646.36 918.71 645.257
228.576 34.7628 179.118 0.576161
228.576 34.7628 217.072 69.1219
228.576 34.7628 222.435 70.2868
228.576 34.7628 257.168 39.4368
228.576 34.7628 237.783 23.1358
817.582 687.768 838.262 682.607
817.582 687.768 767.909 670.309
817.582 687.768 757.052 696.374
817.582 687.768 816.692 719.721
173.388 174.442 148.188 217.415
173.388 174.442 179.482 166.811
138.021 584.714 120.455 601.169
138.021 584.714 133.88 601.913
138.021 584.714 137.779 583.207
992.393 747.257 989.619 677.302
992.393 747.257 978.649 678.34
992.393 747.257 983.054 750.964
992.393 747.257 969.492 812.302
992.393 747.257 982.889 855.433
992.393 747.257 998.979 650.259
958.173 406.357 942.975 397.509
958.173 406.357 988.428 347.71
580.398 100.962 589.929 83.6513
580.398 100.962 538.932 75.9341
580.398 100.962 547.918 122.017
174.397 757.476 174.288 802.624
174.397 757.476 178.161 802.986
174.397 757.476 223.9 805.945
174.397 757.476 202.319 720.815
174.397 757.476 192.439 714.346
174.397 757.476 157.281 710.29
174.397 757.476 115.339 721.079
174.397 757.476 97.5295 766.767
511.387 639.382 548.797 678.113
511.387 639.382 505.94 629.13
174.288 802.624 178.161 802.986
910.055 57.7796 919.569 34.8318
910.055 57.7796 896.326 113.733
257.856 784.898 245.902 777.473
752.185 725.411 744.672 760.121
752.185 725.411 768.058 753.055
752.185 725.411 780.848 741.45
752.185 725.411 757.052 696.374
752.185 725.411 729.097 693.888
752.185 725.411 719.3 735.114
118.98 663.916 73.8901 649.716
118.98 663.916 74.54 710.739
118.98 663.916 149.074 648.383
987.391 942.654 980.862 957.38
987.391 942.654 989.997 929.959
987.391 942.654 973.39 917.545
985.817 612.969 984.727 606.745
985.817 612.969 987.771 650.697
861.241 701.732 880.118 709.415
861.241 701.732 887.423 682.672
861.241 701.732 838.262 682.607
238.526 158.962 235.994 135.191
238.526 158.962 210.829 154.764
238.526 158.962 223.194 183.017
950.103 3.88889 957.337 11.2373
950.103 3.88889 964.712 8.80927
950.103 3.88889 994.863 8.7214
950.103 3.88889 369.888 1.86822
950.103 3.88889 754.585 15.5989
950.103 3.88889 871.811 24.349
950.103 3.88889 919.569 34.8318
545.721 771.636 577.416 765.21
545.721 771.636 519.961 717.183
83.8859 560.465 66.2253 513.059
83.8859 560.465 44.9362 536.194
83.8859 560.465 25.7935 548.779
83.8859 560.465 69.9013 608.542
83.8859 560.465 86.5665 591.358
83.8859 560.465 93.9503 508.686
83.8859 560.465 85.0398 509.471
965.523 452.877 901.217 461.208
965.523 452.877 978.691 444.391
62.658 996.805 41.0169 989.885
62.658 996.805 99.6299 999.835
808.827 316.087 751.567 339.636
808.827 316.087 786.794 367.514
808.827 316.087 845.665 364.029
808.827 316.087 779.596 256.266
0.403598 489.769 7.03981 346.561
0.403598 489.769 2.72568 584.135
0.403598 489.769 25.7935 548.779
0.403598 489.769 36.093 506.407
0.403598 489.769 14.6505 472.408
242.341 431.739 249.843 437.184
627.404 305.974 697.418 287.006
627.404 305.974 598.309 244.405
557.999 26.7698 563.516 15.513
557.999 26.7698 488.275 16.7714
751.567 339.636 719.137 286.034
751.567 339.636 688.519 364.577
751.567 339.636 786.794 367.514
504.102 171.953 515.694 224.073
504.102 171.953 525.604 174.633
918.71 645.257 944.903 603.913
918.71 645.257 883.28 670.644
918.71 645.257 887.423 682.672
643.004 710.109 643.058 728.995
643.004 710.109 643.247 709.896
284.956 912.017 311.63 881.141
284.956 912.017 278.967 892.529
284.956 912.017 266.25 986.903
168.471 443.321 137.617 446.913
168.471 443.321 172.013 459.561
332.691 96.3838 313.894 77.6558
332.691 96.3838 312.661 86.6564
332.691 96.3838 360.495 67.8892
569.297 984.068 555.596 987.346
569.297 984.068 572.958 989.848
569.297 984.068 578.978 982.734
362.479 308.469 380.402 330.192
362.479 308.469 370.654 268.602
362.479 308.469 317.744 316.377
362.479 308.469 347.933 361.631
675.365 493.506 678.799 535.511
675.365 493.506 706.705 451.037
675.365 493.506 664.637 420.426
675.365 493.506 645.103 424.383
120.744 256.628 108.151 252.383
120.744 256.628 126.264 278.452
120.744 256.628 135.12 273.006
313.972 656.681 299.869 628.365
313.972 656.681 349.995 657.648
230.764 83.3326 194.194 81.7312
230.764 83.3326 265.715 89.4943
230.764 83.3326 257.168 39.4368
230.764 83.3326 222.435 70.2868
230.764 83.3326 217.072 69.1219
14.6505 472.408 36.093 506.407
682.533 798.468 686.354 812.246
682.533 798.468 684.763 790.364
485.402 853.315 491.502 870.531
485.402 853.315 492.717 837.529
684.763 790.364 686.354 812.246
978.649 678.34 989.619 677.302
978.649 678.34 994.441 656.568
978.649 678.34 987.771 650.697
87.293 871.156 76.5784 874.208
87.293 871.156 97.8233 878.027
87.293 871.156 140.591 846.966
87.293 871.156 62.5125 863.934
257.448 309.018 262.277 326.781
257.448 309.018 264.292 281.218
821.212 101.426 833.545 84.0174
821.212 101.426 776.394 79.5083
821.212 101.426 763.44 100.653
821.212 101.426 816.885 129.409
187.552 341.626 197.099 390.493
187.552 341.626 171.999 347.766
349.995 657.648 379.801 637.475
349.995 657.648 324.594 697.406
349.995 657.648 383.828 710.341
349.995 657.648 398.405 679.109
206.397 688.777 289.049 728.299
206.397 688.777 173.648 667.999
206.397 688.777 192.439 714.346
206.397 688.777 202.319 720.815
572.958 989.848 624.148 986.096
572.958 989.848 578.978 982.734
572.958 989.848 555.596 987.346
572.958 989.848 552.784 990.343
916.412 992.945 907.704 998.872
916.412 992.945 929.289 991.701
916.412 992.945 924.057 981.525
257.168 39.4368 265.715 89.4943
257.168 39.4368 276.824 52.5274
257.168 39.4368 255.17 27.5149
257.168 39.4368 237.783 23.1358
257.168 39.4368 222.435 70.2868
492.717 837.529 514.714 844.177
304.302 867.112 255.959 876.767
304.302 867.112 278.967 892.529
304.302 867.112 311.63 881.141
304.192 390.392 282.767 342.152
304.192 390.392 255.016 383.464
304.192 390.392 297.886 399.428
335.571 804.628 333.293 823.696
335.571 804.628 389.419 780.627
335.571 804.628 308.644 768.854
921.949 938.06 935.006 930.413
984.53 268.699 988.428 347.71
380.402 330.192 394.957 335.245
380.402 330.192 370.654 268.602
163.263 559.831 139.645 529.376
426.989 642.866 452.44 647.605
426.989 642.866 460.775 610.733
426.989 642.866 436.982 600.952
426.989 642.866 420.717 645.591
130.085 972.355 140.478 959.823
130.085 972.355 99.6299 999.835
468.956 455.039 435.764 447.904
468.956 455.039 453.927 464.858
156.228 514.174 161.195 510.231
156.228 514.174 154.665 497.944
156.228 514.174 139.645 529.376
643.058 728.995 621.008 756.134
643.058 728.995 693.022 731.996
643.058 728.995 643.247 709.896
929.289 991.701 924.057 981.525
929.289 991.701 907.704 998.872
836.239 602.692 836.662 577.424
836.239 602.692 822.098 577.851
776.394 79.5083 798.299 29.1442
776.394 79.5083 761.495 57.4445
776.394 79.5083 763.44 100.653
76.1148 436.99 82.2645 491.201
968.477 888.481 948.83 885.568
968.477 888.481 973.39 917.545
968.477 888.481 982.889 855.433
719.137 286.034 697.418 287.006
719.137 286.034 723.763 278.857
484.468 546.602 477.074 556.056
484.468 546.602 521.28 512.615
484.468 546.602 483.478 494.562
484.468 546.602 470.553 497.26
813.843 139.563 846.829 188.894
813.843 139.563 816.885 129.409
813.843 139.563 783.742 173.286
39.9421 766.933 62.5477 736.382
39.9421 766.933 42.3358 767.446
524.384 909.518 550.538 849.924
524.384 909.518 523.653 930.243
524.384 909.518 566.374 940.519
768.245 426.251 706.705 451.037
768.245 426.251 791.832 476.587
768.245 426.251 769.122 399.651
768.245 426.251 753.178 404.951
613.024 815.065 598.126 804.931
613.024 815.065 618.908 859.091
989.997 929.959 973.39 917.545
265.715 89.4943 288.375 96.273
265.715 89.4943 276.824 52.5274
645.103 424.383 632.697 394.477
645.103 424.383 584.233 422.173
645.103 424.383 618.494 469.731
645.103 424.383 664.637 420.426
616.219 939.677 660.053 956.986
616.219 939.677 668.626 895.054
616.219 939.677 620.319 882.869
616.219 939.677 591.053 922.727
616.219 939.677 569.657 949.822
616.219 939.677 578.978 982.734
616.219 939.677 627.23 964.884
74.54 710.739 73.8901 649.716
74.54 710.739 115.339 721.079
846.829 188.894 833.273 208.963
846.829 188.894 841.985 208.164
846.829 188.894 888.973 213.907
846.829 188.894 939.736 158.031
846.829 188.894 896.326 113.733
499.102 782.567 477.669 777.969
499.102 782.567 498.689 776.329
838.262 682.607 816.692 719.721
838.262 682.607 859.069 674.17
621.008 756.134 599.404 755.82
621.008 756.134 602.871 763.068
282.145 501.931 280.971 519.002
255.959 876.767 228.145 907.461
255.959 876.767 278.967 892.529
847.215 801.196 780.848 741.45
847.215 801.196 768.058 753.055
149.074 648.383 173.648 667.999
149.074 648.383 170.399 652.306
149.074 648.383 182.395 622.281
149.074 648.383 129.913 633.113
130.701 0.092603 161.57 48.5341
130.701 0.092603 164.209 5.51057
130.701 0.092603 159.575 0.217322
130.701 0.092603 77.7678 4.88096
130.701 0.092603 86.7626 51.1385
99.6299 999.835 233.454 998.526
768.058 753.055 744.672 760.121
768.058 753.055 745.459 801.444
768.058 753.055 780.848 741.45
892.103 299.247 864.563 286.402
892.103 299.247 868.792 353.181
368.671 514.722 349.143 521.147
368.671 514.722 360.277 535.449
164.426 323.088 134.085 308.253
164.426 323.088 112.532 316.695
164.426 323.088 171.999 347.766
566.374 940.519 569.657 949.822
566.374 940.519 591.053 922.727
566.374 940.519 523.653 930.243
566.374 940.519 562.302 960.515
983.054 750.964 944.385 770.755
983.054 750.964 969.492 812.302
814.878 971.145 786.112 954.685
814.878 971.145 712.712 961.429
814.878 971.145 827.261 979.296
814.878 971.145 832.466 957.587
814.878 971.145 816.765 954.885
880.118 709.415 887.423 682.672
880.118 709.415 891.013 752.138
605.427 354.768 617.248 365.503
517.773 398.417 516.161 398.23
517.773 398.417 545.721 399.582
517.773 398.417 519.331 381.152
73.8901 649.716 73.8969 628.739
519.769 287.903 584.295 238.379
519.769 287.903 516.518 268.929
519.769 287.903 457.372 278.078
440.94 64.4334 448.908 15.522
440.94 64.4334 391.782 44.1242
440.94 64.4334 415.282 118.2
36.093 506.407 25.7935 548.779
36.093 506.407 44.9362 536.194
36.093 506.407 66.2253 513.059
391.782 44.1242 363.695 30.6437
391.782 44.1242 360.495 67.8892
391.782 44.1242 448.908 15.522
901.337 554.533 923.594 561.317
660.053 956.986 627.23 964.884
660.053 956.986 712.712 961.429
660.053 956.986 668.626 895.054
522.256 975.016 488.796 972.859
522.256 975.016 465.052 979.989
522.256 975.016 552.784 990.343
522.256 975.016 555.596 987.346
24.696 331.659 7.03981 346.561
24.696 331.659 1.75232 263.394
661.523 384.619 632.697 394.477
661.523 384.619 664.637 420.426
661.523 384.619 688.519 364.577
171.804 276.97 135.12 273.006
171.804 276.97 152.068 281.359
919.569 34.8318 871.811 24.349
562.302 960.515 578.978 982.734
562.302 960.515 523.653 930.243
750.393 201.811 783.742 173.286
750.393 201.811 733.652 174.915
618.494 469.731 584.233 422.173
618.494 469.731 606.209 473.389
617.248 365.503 632.697 394.477
697.418 287.006 723.763 278.857
563.516 15.513 483.007 16.1394
563.516 15.513 488.275 16.7714
563.516 15.513 578.022 39.6038
182.395 622.281 133.88 601.913
182.395 622.281 129.913 633.113
182.395 622.281 170.399 652.306
233.454 998.526 266.25 986.903
233.454 998.526 235.877 993.175
3.17014 611.442 51.0989 643.093
3.17014 611.442 69.9013 608.542
3.17014 611.442 2.72568 584.135
3.17014 611.442 8.73537 703.376
420.863 557.944 415.427 552.214
420.863 557.944 372.522 595.966
420.863 557.944 452.846 577.677
979.761 12.2559 988.376 35.963
979.761 12.2559 994.863 8.7214
979.761 12.2559 964.712 8.80927
957.337 11.2373 964.712 8.80927
515.694 224.073 525.604 174.633
924.057 981.525 923.315 966.493
134.085 308.253 126.264 278.452
134.085 308.253 112.532 316.695
398.702 174.558 376.423 181.968
491.502 870.531 469.487 879.557
452.846 577.677 477.074 556.056
452.846 577.677 436.982 600.952
452.846 577.677 460.775 610.733
389.419 780.627 333.293 823.696
389.419 780.627 407.598 854.904
389.419 780.627 417.838 714.328
389.419 780.627 330.594 725.845
389.419 780.627 308.644 768.854
220.858 227.749 264.292 281.218
154.665 497.944 161.195 510.231
154.665 497.944 172.013 459.561
154.665 497.944 139.645 529.376
30.4106 841.791 36.0179 831.8
30.4106 841.791 13.5981 826.114
30.4106 841.791 62.5125 863.934
546.741 409.157 545.721 399.582
622.997 621.14 604.917 635.651
622.997 621.14 657.7 615.458
622.997 621.14 615.451 605.761
577.416 765.21 602.871 763.068
577.416 765.21 599.404 755.82
360.277 535.449 372.522 595.966
360.277 535.449 415.427 552.214
360.277 535.449 349.143 521.147
542.706 365.136 569.647 343.586
542.706 365.136 531.306 360.814
542.706 365.136 519.331 381.152
542.706 365.136 545.721 399.582
470.553 497.26 483.478 494.562
470.553 497.26 443.238 490.159
95.3896 791.795 97.5295 766.767
192.439 714.346 157.281 710.29
192.439 714.346 202.319 720.815
483.007 16.1394 488.275 16.7714
483.007 16.1394 369.888 1.86822
483.007 16.1394 448.908 15.522
874.272 674.703 887.423 682.672
874.272 674.703 883.28 670.644
874.272 674.703 859.069 674.17
2.72568 584.135 69.9013 608.542
2.72568 584.135 25.7935 548.779
584.295 238.379 598.309 244.405
505.94 629.13 468.785 630.943
899.109 401.227 942.975 397.509
745.459 801.444 744.672 760.121
745.459 801.444 686.354 812.246
278.348 209.052 294.57 207.23
278.348 209.052 279.406 226.587
178.161 802.986 223.9 805.945
173.648 667.999 170.399 652.306
944.385 770.755 934.067 799.494
944.385 770.755 969.492 812.302
120.455 601.169 129.913 633.113
120.455 601.169 133.88 601.913
569.647 343.586 522.155 348.496
569.647 343.586 531.306 360.814
390.126 648.013 420.717 645.591
9.87534 203.701 10.6588 135.252
587.581 53.3173 589.929 83.6513
587.581 53.3173 578.022 39.6038
448.908 15.522 369.888 1.86822
742.283 104.042 746.221 117.522
742.283 104.042 763.44 100.653
742.283 104.042 694.148 80.5647
742.283 104.042 697.578 117.521
753.178 404.951 769.122 399.651
753.178 404.951 753.112 392.773
753.178 404.951 706.705 451.037
978.691 444.391 988.428 347.71
827.261 979.296 712.712 961.429
827.261 979.296 907.704 998.872
827.261 979.296 832.466 957.587
864.563 286.402 885.913 257.814
591.053 922.727 569.657 949.822
591.053 922.727 620.319 882.869
222.751 483.293 172.013 459.561
222.751 483.293 161.195 510.231
115.339 721.079 157.281 710.29
115.339 721.079 91.2283 754.125
115.339 721.079 97.5295 766.767
548.797 678.113 559.888 715.928
548.797 678.113 569.881 719.759
548.797 678.113 585.955 719.098
548.797 678.113 604.917 635.651
548.797 678.113 532.727 693.045
734.657 667.48 767.909 670.309
734.657 667.48 727.243 635.221
734.657 667.48 719.71 654.658
734.657 667.48 729.097 693.888
734.657 667.48 757.052 696.374
179.118 0.576161 237.783 23.1358
179.118 0.576161 159.575 0.217322
179.118 0.576161 164.209 5.51057
179.118 0.576161 161.57 48.5341
179.118 0.576161 182.53 62.636
325.407 973.628 367.742 978.89
781.376 598.722 748.152 600.398
781.376 598.722 791.406 546.611
781.376 598.722 755.694 548.101
934.067 799.494 923.029 811.305
934.067 799.494 941.208 841.765
934.067 799.494 969.492 812.302
935.006 930.413 973.39 917.545
129.913 633.113 133.88 601.913
868.792 353.181 845.665 364.029
317.744 316.377 264.292 281.218
317.744 316.377 282.767 342.152
317.744 316.377 347.933 361.631
652.952 585.711 657.7 615.458
652.952 585.711 678.854 597.066
652.952 585.711 673.835 583.112
652.952 585.711 665.695 543.179
652.952 585.711 622.886 559.717
652.952 585.711 615.451 605.761
668.626 895.054 620.319 882.869
668.626 895.054 712.712 961.429
668.626 895.054 717.526 887.481
538.932 75.9341 589.929 83.6513
538.932 75.9341 547.918 122.017
952.229 161.202 969.766 170.983
952.229 161.202 950.591 135.406
952.229 161.202 939.736 158.031
86.5665 591.358 69.9013 608.542
532.727 693.045 514.624 708.386
532.727 693.045 519.961 717.183
532.727 693.045 559.888 715.928
159.575 0.217322 164.209 5.51057
159.575 0.217322 369.888 1.86822
376.423 181.968 343.26 171.469
376.423 181.968 381.442 218.508
435.764 447.904 374.539 447.607
435.764 447.904 453.927 464.858
665.695 543.179 622.886 559.717
665.695 543.179 673.835 583.112
665.695 543.179 678.799 535.511
712.712 961.429 786.112 954.685
712.712 961.429 717.526 887.481
77.7678 4.88096 86.7626 51.1385
552.784 990.343 555.596 987.346
552.784 990.343 465.052 979.989
845.665 364.029 786.794 367.514
498.689 776.329 519.961 717.183
498.689 776.329 477.669 777.969
748.152 600.398 755.694 548.101
748.152 600.398 714.729 617.43
748.152 600.398 727.243 635.221
748.152 600.398 767.909 670.309
288.375 96.273 276.824 52.5274
288.375 96.273 312.661 86.6564
288.375 96.273 313.894 77.6558
210.829 154.764 223.194 183.017
210.829 154.764 235.994 135.191
457.372 278.078 394.957 335.245
457.372 278.078 426.729 363.105
457.372 278.078 370.654 268.602
942.975 397.509 901.217 461.208
398.405 679.109 417.838 714.328
398.405 679.109 383.828 710.341
994.863 8.7214 964.712 8.80927
994.863 8.7214 988.376 35.963
994.863 8.7214 992.21 170.757
519.331 381.152 507.235 361.778
519.331 381.152 487.967 366.124
519.331 381.152 516.161 398.23
519.331 381.152 545.721 399.582
519.331 381.152 531.306 360.814
394.957 335.245 426.729 363.105
394.957 335.245 370.654 268.602
97.8233 878.027 76.5784 874.208
97.8233 878.027 67.1501 903.663
97.8233 878.027 131.906 930.474
97.8233 878.027 137.262 896.217
97.8233 878.027 140.591 846.966
649.39 210.177 641.45 171.245
649.39 210.177 619.603 187.009
164.209 5.51057 161.57 48.5341
13.5981 826.114 36.0179 831.8
13.5981 826.114 12.4946 783.434
677.637 54.9535 671.658 41.4215
677.637 54.9535 679.788 88.268
677.637 54.9535 694.148 80.5647
619.603 187.009 641.45 171.245
190.213 881.408 140.591 846.966
190.213 881.408 137.262 896.217
190.213 881.408 228.145 907.461
552.578 180.506 527.825 135.98
552.578 180.506 525.604 174.633
62.5125 863.934 36.0179 831.8
62.5125 863.934 76.5784 874.208
780.848 741.45 816.692 719.721
780.848 741.45 757.052 696.374
885.913 257.814 883.871 248.046
516.161 398.23 487.967 366.124
816.765 954.885 832.466 957.587
452.44 647.605 468.785 630.943
452.44 647.605 460.775 610.733
415.427 552.214 372.522 595.966
415.427 552.214 408.447 512.286
1.75232 263.394 51.3325 289.749
1.75232 263.394 27.3866 259.642
1.75232 263.394 7.03981 346.561
679.788 88.268 677.635 93.5622
679.788 88.268 694.148 80.5647
559.888 715.928 519.961 717.183
559.888 715.928 569.881 719.759
841.985 208.164 833.273 208.963
673.835 583.112 678.799 535.511
673.835 583.112 678.854 597.066
34.1439 971.657 41.0169 989.885
34.1439 971.657 20.3991 956.352
714.729 617.43 727.243 635.221
714.729 617.43 678.854 597.066
436.982 600.952 420.717 645.591
436.982 600.952 460.775 610.733
323.431 714.778 324.594 697.406
323.431 714.778 330.594 725.845
279.696 415.064 297.886 399.428
279.696 415.064 255.016 383.464
522.155 348.496 507.235 361.778
522.155 348.496 531.306 360.814
816.692 719.721 757.052 696.374
372.522 595.966 363.515 608.881
372.522 595.966 379.801 637.475
749.232 157.702 746.221 117.522
749.232 157.702 733.652 174.915
161.195 510.231 172.013 459.561
51.3325 289.749 27.3866 259.642
250.235 596.201 250.32 622.299
250.235 596.201 271.537 583.37
250.235 596.201 204.043 552.684
330.511 225.757 381.442 218.508
330.511 225.757 311.334 203.703
657.7 615.458 678.854 597.066
657.7 615.458 615.451 605.761
443.238 490.159 453.927 464.858
754.585 15.5989 871.811 24.349
754.585 15.5989 671.658 41.4215
754.585 15.5989 761.495 57.4445
754.585 15.5989 798.299 29.1442
754.585 15.5989 848.666 28.7801
237.783 23.1358 255.17 27.5149
888.973 213.907 939.736 158.031
360.495 67.8892 363.695 30.6437
360.495 67.8892 343.352 26.9816
360.495 67.8892 313.894 77.6558
583.02 510.635 521.28 512.615
583.02 510.635 622.886 559.717
90.1901 757.724 97.5295 766.767
90.1901 757.724 91.2283 754.125
278.967 892.529 311.63 881.141
311.334 203.703 343.26 171.469
311.334 203.703 294.57 207.23
347.933 361.631 362.443 360.683
73.8969 628.739 69.9013 608.542
73.8969 628.739 51.0989 643.093
32.3533 891.227 49.1604 890.419
941.208 841.765 923.029 811.305
941.208 841.765 982.889 855.433
941.208 841.765 969.492 812.302
547.918 122.017 527.825 135.98
126.264 278.452 112.532 316.695
126.264 278.452 135.12 273.006
126.264 278.452 108.151 252.383
66.2253 513.059 44.9362 536.194
66.2253 513.059 85.0398 509.471
363.515 608.881 379.801 637.475
786.794 367.514 840.294 427.738
786.794 367.514 770.953 369.874
786.794 367.514 769.122 399.651
627.23 964.884 578.978 982.734
627.23 964.884 624.148 986.096
370.654 268.602 381.442 218.508
859.069 674.17 883.28 670.644
859.069 674.17 842.313 626.76
928.724 570.499 923.594 561.317
417.838 714.328 383.828 710.341
417.838 714.328 382.944 716.602
677.635 93.5622 697.578 117.521
677.635 93.5622 694.148 80.5647
49.1604 890.419 67.1501 903.663
694.148 80.5647 697.578 117.521
719.3 735.114 729.097 693.888
719.3 735.114 693.022 731.996
719.3 735.114 744.672 760.121
602.871 763.068 599.404 755.82
363.695 30.6437 371.359 26.4212
791.406 546.611 755.694 548.101
746.221 117.522 763.44 100.653
746.221 117.522 697.578 117.521
343.352 26.9816 341.894 26.3826
343.352 26.9816 313.894 77.6558
85.0398 509.471 82.2645 491.201
85.0398 509.471 93.9503 508.686
477.074 556.056 460.775 610.733
282.767 342.152 262.277 326.781
282.767 342.152 255.016 383.464
887.423 682.672 883.28 670.644
982.889 855.433 969.492 812.302
161.57 48.5341 86.7626 51.1385
161.57 48.5341 182.53 62.636
482.453 968.359 490.345 964.642
482.453 968.359 458.837 964.631
482.453 968.359 465.052 979.989
482.453 968.359 488.796 972.859
592.176 867.881 618.908 859.091
592.176 867.881 550.538 849.924
779.596 256.266 723.763 278.857
693.022 731.996 729.097 693.888
693.022 731.996 643.247 709.896
250.32 622.299 299.869 628.365
250.32 622.299 271.537 583.37
717.526 887.481 749.472 887.532
514.714 844.177 526.73 802.906
514.714 844.177 550.538 849.924
604.917 635.651 585.955 719.098
604.917 635.651 618.272 714.511
604.917 635.651 615.451 605.761
93.9503 508.686 139.645 529.376
981.137 167.233 989.652 178.637
981.137 167.233 992.21 170.757
981.137 167.233 969.766 170.983
981.137 167.233 971.132 175.971
86.7626 51.1385 58.6832 94.2323
727.243 635.221 719.71 654.658
727.243 635.221 767.909 670.309
791.832 476.587 836.792 478.852
266.25 986.903 235.877 993.175
514.624 708.386 519.961 717.183
514.624 708.386 507.897 714.45
465.052 979.989 488.796 972.859
465.052 979.989 458.837 964.631
465.052 979.989 456.334 971.598
465.052 979.989 367.742 978.89
69.9013 608.542 51.0989 643.093
69.9013 608.542 25.7935 548.779
618.272 714.511 585.955 719.098
882.421 445.474 901.217 461.208
882.421 445.474 840.294 427.738
531.306 360.814 507.235 361.778
456.334 971.598 367.742 978.89
456.334 971.598 458.837 964.631
664.637 420.426 706.705 451.037
664.637 420.426 632.697 394.477
753.112 392.773 769.122 399.651
753.112 392.773 770.953 369.874
753.112 392.773 688.519 364.577
519.961 717.183 507.897 714.45
987.771 650.697 994.441 656.568
987.771 650.697 998.979 650.259
217.072 69.1219 222.435 70.2868
217.072 69.1219 194.194 81.7312
140.591 846.966 137.262 896.217
419.462 867.211 446.854 920.606
419.462 867.211 407.598 854.904
76.5784 874.208 67.1501 903.663
521.28 512.615 533.242 532.225
521.28 512.615 483.478 494.562
988.376 35.963 982.008 102.423
988.376 35.963 992.21 170.757
341.894 26.3826 289.803 31.906
341.894 26.3826 313.894 77.6558
341.894 26.3826 369.888 1.86822
994.441 656.568 989.619 677.302
994.441 656.568 998.979 650.259
842.313 626.76 883.28 670.644
569.657 949.822 578.978 982.734
330.001 880.62 311.63 881.141
798.299 29.1442 761.495 57.4445
798.299 29.1442 848.666 28.7801
112.532 316.695 171.999 347.766
131.906 930.474 140.478 959.823
131.906 930.474 137.262 896.217
585.955 719.098 599.404 755.82
585.955 719.098 569.881 719.759
289.803 31.906 369.888 1.86822
289.803 31.906 276.824 52.5274
507.235 361.778 487.967 366.124
97.5295 766.767 91.2283 754.125
971.132 175.971 989.652 178.637
971.132 175.971 969.766 170.983
622.886 559.717 615.451 605.761
271.537 583.37 299.869 628.365
469.487 879.557 446.854 920.606
525.604 174.633 527.825 135.98
255.016 383.464 297.886 399.428
371.359 26.4212 369.888 1.86822
584.233 422.173 632.697 394.477
135.12 273.006 152.068 281.359
830.684 568.033 836.662 577.424
830.684 568.033 822.098 577.851
729.097 693.888 757.052 696.374
523.653 930.243 490.345 964.642
767.909 670.309 757.052 696.374
324.594 697.406 330.594 725.845
324.594 697.406 383.828 710.341
313.894 77.6558 312.661 86.6564
12.4946 783.434 8.73537 703.376
12.4946 783.434 36.0179 831.8
896.326 113.733 950.591 135.406
896.326 113.733 939.736 158.031
989.652 178.637 992.21 170.757
330.594 725.845 383.828 710.341
330.594 725.845 308.644 768.854
624.148 986.096 578.978 982.734
383.828 710.341 382.944 716.602
871.811 24.349 848.666 28.7801
998.979 650.259 989.619 677.302
836.662 577.424 822.098 577.851
769.122 399.651 770.953 369.874
982.008 102.423 950.591 135.406
982.008 102.423 992.21 170.757
458.837 964.631 446.854 920.606
308.644 768.854 287.876 762.874
468.785 630.943 460.775 610.733
950.591 135.406 939.736 158.031
581.044 561.864 615.451 605.761
10.6588 135.252 27.0989 151.998
44.9362 536.194 25.7935 548.779
62.5477 736.382 42.3358 767.446
490.345 964.642 488.796 972.859
