19
753.356 982.55 884.707 72.6859
753.356 982.55 477.732 436.411
753.356 982.55 464.446 913.817
884.707 72.6859 770.205 50.084
884.707 72.6859 477.732 436.411
477.732 436.411 770.205 50.084
477.732 436.411 384.142 73.7491
477.732 436.411 166.507 274.907
477.732 436.411 319.033 504.523
477.732 436.411 464.446 913.817
166.507 274.907 384.142 73.7491
166.507 274.907 90.7329 493.977
166.507 274.907 319.033 504.523
60.5643 897.656 464.446 913.817
60.5643 897.656 319.033 504.523
60.5643 897.656 90.7329 493.977
319.033 504.523 464.446 913.817
319.033 504.523 90.7329 493.977
384.142 73.7491 770.205 50.084
