100
155.873 458.046
794.881 665.973
320.611 288.654
231.895 719.155
73.8503 373.359
422.552 566.183
357.526 293.043
463.059 589.419
50.4816 944.452
864.172 595.927
833.378 104.579
18.916 658.594
523.072 194.679
837.082 719.795
643.027 659.888
323.429 534.876
276.668 442.37
836.375 117.238
535.956 332.928
243.229 929.89
246.974 596.723
835.997 196.178
671.648 623.243
115.607 871.284
454.547 676.065
855.082 32.2694
59.9598 661.425
176.42 279.493
594.159 897.245
569.34 690.932
203.158 434.503
244.3 272.443
961.436 476.952
782.475 217.41
573.4 960.055
501.854 129.043
118.397 505.059
386.707 668.904
123.444 831.097
848.695 648.075
360.967 105.562
580.969 719.204
169.11 157.154
886.51 671.352
699.639 341.848
282.22 791.982
73.1837 169.961
164.6 750.171
433.928 773.202
266.287 929.321
213.916 792.78
928.528 380.628
356.334 616.563
791.14 197.901
114.529 18.2512
382.413 654.629
914.368 331.292
831.551 393.451
942.07 129.609
571.891 352.06
817.317 844.201
349.157 435.375
744.58 919.119
612.058 776.418
125.922 314.608
126.031 133.293
458.914 750.525
683.946 234.676
120.177 854.236
60.2624 944.193
227.488 141.179
53.7268 599.194
31.8384 812.305
671.08 974.467
589.708 238.217
447.814 227.762
513.499 933.005
609.468 859.511
644.39 624.005
207.749 26.0003
120.691 560.325
542.6 137.716
362.593 886.6
913.002 299.211
797.872 970.299
693.926 448.72
401.555 468.209
517.596 467.209
136.994 899.267
409.278 689.134
192.647 31.2551
408.626 274.869
632.939 722.293
346.431 0.275349
318.549 492.207
386.913 138.002
765.532 56.1348
999.092 961.921
199 349.783
201.617 542.825
