1000
405.49 529.52
482.094 994.737
461.179 754.681
188.927 560.791
615.342 532.822
109.489 447.15
215.279 338.814
504.391 900.249
220.527 129.681
968.298 679.655
867.056 739.601
509.548 615.946
152.133 305.914
31.775 718.768
275.48 811.474
577.466 432.366
136.814 977.648
975.494 17.075
987.789 436.596
524.481 641.989
339.82 569.593
693.213 866.854
665.559 68.516
17.7154 919.471
564.738 524.719
661.251 256.379
32.2478 876.456
265.359 368.611
74.6251 455.204
195.987 9.68555
200.868 727.399
427.845 658.333
445.238 359.895
832.103 245.385
429.696 661.906
36.6288 185.226
932.252 114.04
668.482 522.934
992.302 182.806
753.276 44.7072
874.742 617.607
161.644 810.282
394.953 165.998
507.949 339.923
688.943 940.735
240.066 568.448
798.581 655.902
316.832 967.311
473.687 551.7
774.147 291.058
686.25 525.271
852.218 308.51
573.29 160.96
145.349 296.533
105.726 322.575
535.696 529.292
655.486 316.047
452.725 652.118
408.809 548.584
732.752 746.018
242.255 687.561
419.902 499.259
684.499 197.896
521.586 698.94
522.406 744.53
508.708 269.024
259.985 48.7032
455.257 318.345
713.564 170.48
538.806 340.679
730.799 108.71
729.566 984.619
378.972 234.742
466.939 492.893
342.227 987.266
174.241 68.0467
782.815 925.362
394.872 40.9581
125.084 946.374
407.577 6.90297
700.434 352.685
379.206 103.556
554.185 129.614
43.2632 670.904
363.168 465.293
156.727 415.266
292.287 813.741
758.099 697.664
902.722 748.134
146.193 665.594
764.491 704.851
96.3657 514.023
674.074 805.869
52.0233 569.582
968.575 621.159
775.79 743.348
544.683 976.162
294.84 732.69
825.987 804.655
459.099 294.564
329.072 88.6084
600.931 796.965
87.6894 31.6537
24.9195 28.7587
25.2322 842.998
633.97 914.652
758.859 416.822
566.283 978.068
72.8096 530.581
370.568 947.302
711.579 378.151
487.871 848.517
855.699 45.7832
749.121 988.848
685.239 950.679
415.345 275.925
983.962 645.87
119.212 705.29
535.87 672.529
148.026 743.169
277.379 416.741
414.352 194.451
92.3126 509.696
572.671 973.979
398.067 919.966
705.826 148.7
842.314 478.792
321.436 494.555
244.847 431.621
298.546 82.6304
313.341 742.669
272.998 236.348
19.3031 119.567
881.542 136.416
222.591 118.9
706.123 80.5979
450.551 745.223
30.8236 36.9459
859.681 514.296
216.343 548.881
619.996 85.339
297.966 416.542
257.035 310.075
417.54 466.776
768.077 518.01
603.577 714.52
288.874 387.496
912.222 104.313
88.8034 216.169
938.468 643.191
546.696 182.145
590.79 839.832
526.472 689.111
114.781 218.072
481.727 215.225
587.453 704.132
124.552 717.001
647.06 397.763
346.918 992.347
106.104 335.203
508.909 152.797
995.326 862.67
328.893 606.512
130.41 579.455
617.452 216.736
909.988 769.05
7.67429 75.6377
265.804 126.008
336.036 572.504
485.973 430.814
189.945 936.351
214.888 349.696
146.879 431.013
798.568 91.6354
579.391 197.687
233.233 168.462
101.139 257.294
323.342 370.479
940.624 951.751
612.35 694.332
762.379 463.98
615.566 515.695
183.22 709.521
306.173 732.702
323.242 807.861
726.887 161.009
186.626 136.945
203.324 168.703
132.839 564.642
737.97 169.916
268.851 701.178
145.816 614.151
636.755 226.084
787.79 949.259
918.207 221.963
312.907 693.365
185.581 533.002
396.655 276.89
65.1951 724.481
661.455 246.358
788.16 449.559
855.318 5.93535
116.081 687.006
80.1645 201.734
540.831 437.524
620.32 743.264
65.8367 838.368
84.1278 692.355
400.133 867.789
14.2338 567.694
2.67083 422.65
726.605 270.776
352.075 207.614
325.227 990.321
829.986 517.973
864.349 432
133.011 158.425
405.16 200.358
875.093 829.444
82.7252 708.635
962.283 996.035
852.968 67.2491
472.493 460.863
635.286 111.03
537.937 501.691
516.202 183.873
533.111 847.747
234.757 397.25
490.934 467.072
289.094 508.987
700.796 843.876
752.67 9.76976
218.042 934.556
160.532 911.46
534.85 655.453
987.493 287.748
780.545 545.823
890.625 181.805
641.733 127.02
246.07 940.827
777.403 716.728
112.135 620.599
535.187 993.517
673.065 16.8277
97.7673 133.845
466.122 835.061
618.274 514.858
971.731 123.593
728.841 974.078
890.675 1.64321
761.47 863.576
99.4015 621.702
577.029 158.849
28.4799 265.133
16.1511 13.5393
612.409 293.826
218.481 115.645
734.997 667.926
797.174 823.096
200.33 391.694
818.256 676.19
802.571 472.91
437.069 309.883
904.769 449.017
696.488 794.784
684.97 724.356
565.399 337.938
695.117 293.827
208.115 455.917
946.704 685.791
742.691 463.268
418.936 667.4
169.703 305.737
559.541 352.109
689.514 657.474
915.323 133.542
209.435 667.14
122.527 929.948
397.263 176.936
848.567 113.333
857.063 252.924
862.349 931.737
221.237 652.519
118.16 497.451
584.196 27.3629
331.499 862.007
135.537 173.786
615.548 205.634
199.228 940.645
60.1001 455.723
671.252 41.2995
996.397 711.228
275.781 889.174
129.186 655.319
388.343 765.977
242.299 561.824
172.026 465.071
805.804 336.146
116.674 206.494
627.214 676.755
576.953 268.805
908.186 929.208
235.289 416.761
0.545366 898.284
981.754 453.651
596.131 335.456
275.393 605.475
326.927 645.826
289.103 846.254
657.348 163.672
1.48074 541.802
667.148 882.543
437.446 777.196
864.3 486.779
986.479 505.954
24.238 162.104
722.562 763.899
405.375 269.624
820.672 624.841
214.536 556.023
190.832 204.268
838.788 335.671
694.579 4.439
608 608.785
752.82 540.114
143.16 217.016
407.317 676.604
993.846 195.486
634.95 808.054
165.375 444.879
400.247 106.533
162.503 468.619
322.79 562.362
844.154 127.881
769.713 28.0852
137.678 863.479
310.951 191.314
344.452 838.441
617.216 489.821
924.288 378.229
563.374 244.74
990.532 142.162
11.5931 640.391
985.22 588.208
678.23 252.641
62.0786 443.437
374.578 266.283
283.687 267.16
955.402 363.336
449.042 127.72
499.753 373.82
812.526 909.737
141.207 394.151
715.079 419.545
329.52 849.78
875.778 11.0203
90.2527 668.492
254.99 942.064
355.128 618.712
782.189 874.658
57.2699 115.211
726.913 536.293
731.928 310.951
143.677 26.5218
150.255 188.603
190.325 599.718
453.966 975.956
395.809 283.609
688.583 375.768
227.569 748.572
537.548 499.624
612.297 167.435
894.036 883.327
97.6329 489.983
353.174 168.761
955.554 510.397
237.058 96.8675
139.708 928.851
587.744 850.145
936.594 458.746
496.198 386.952
167.346 28.2703
594.55 35.6837
226.771 985.712
734.179 579.221
531.526 232.194
56.3136 854.5
349.274 751.592
888.742 130.356
614.211 13.9401
140.592 440.031
410.283 388.201
59.4272 23.764
95.6358 91.2114
366.994 582.902
559.78 123.829
319.836 412.818
39.352 656.72
551.067 669.734
663.4 74.3363
858.263 46.2331
483.339 730.638
781.883 165.604
730.985 360.254
578.107 96.9354
608.034 576.736
746.665 4.72959
584.881 885.21
899.446 204.84
315.581 693.343
337.251 607.051
516.632 24.334
107.743 815.605
936.789 110.598
870.594 598.03
23.6935 785.688
108.097 314.41
306.434 783.01
324.827 356.359
352.86 727.722
354.074 345.618
784.551 38.0178
863.853 892.226
854.689 789.552
716.964 5.939
99.2241 128.089
268.39 464.52
482.461 103.632
951.006 3.67868
303.584 680.984
624.958 523.165
630.821 630.696
993.628 913.731
991.649 794.28
973.198 429.938
991.34 257.292
481.413 440.088
274.893 501.816
796.666 348.929
78.9367 801.059
700.44 461.518
846.595 903.142
670.018 230.649
470.463 857.965
341.416 160.282
204.259 885.058
375.724 164.862
63.9411 145.881
435.083 141.359
601.528 295.349
293.51 951.466
79.6266 509.346
998.736 878.493
34.4178 908.319
699.984 168.221
74.1912 750.861
717.88 92.4375
245.127 839.375
203.64 891.215
319.517 322.266
395.203 245.598
130.256 237.981
743.241 43.445
652.975 299.107
908.176 303.667
950.398 866.39
296.325 35.6564
247.819 960.13
318.241 997.03
294.7 758.043
873.318 655.869
287.375 194.893
120.016 177.837
534.661 477.479
292.908 775.123
948.112 908.442
769.702 889.611
48.722 659.079
730.92 782.804
544.777 742.814
582.537 592.309
457.014 42.0471
71.5369 468.086
303.851 310.1
931.806 859.08
111.137 25.2836
242.584 247.323
820.805 683.506
249.237 425.118
149.619 360.537
649.597 871.473
415.83 22.1855
782.638 596.441
894.284 445.852
104.206 923.074
363.098 924.684
770.99 604.214
120.27 796.729
195.897 665.673
3.45109 278.162
346.306 120.126
750.525 439.184
917.681 341.452
3.6386 580.945
784.377 520.513
454.013 202.028
672.307 587.011
672.588 490.686
680.263 295.268
804.29 162.706
643.423 309.38
621.841 999.017
458.459 498.751
169.46 678.21
164.005 955.278
448.355 914.703
364.151 224.584
458.301 491.247
177.828 928.59
209.542 617.069
143.802 358.49
288.05 515.12
327.04 401.231
82.9519 584.203
620.746 356.725
859.58 356.398
794.516 554.497
555.89 912.969
662.838 555.338
827.828 367.751
318.415 795.593
319.584 413.143
859.331 581.797
60.3766 530.972
886.695 282.939
523.968 499.866
765.999 4.19972
707.799 441.444
918.462 364.651
676.439 284.15
563.463 227.355
160.464 175.419
324.798 197.818
458.179 69.4791
952.981 686.474
775.319 731.541
154.864 75.6524
967.541 425.026
349.926 230.046
584.372 274.591
367.949 635.758
678.099 829.137
300.034 989.445
708.256 737.736
935.915 271.563
484.073 759.432
882.13 940.564
397.698 127.951
740.517 965.235
644.529 763.056
826.814 259.934
989.288 682.238
412.722 641.099
965.71 894.119
902.416 474.175
829.849 540.173
353.476 128.373
850.352 783.213
240.496 604.261
540.95 570.238
748.441 412.68
187.569 514.662
640.574 419.924
276.27 84.3059
424.505 38.5125
920.51 882.685
150.581 599.777
887.774 386.784
821.615 266.893
707.001 128.189
208.202 305.234
264.737 895.442
647.166 646.702
766.263 786.158
671.001 471.926
74.7618 726.646
70.0639 111.235
48.2871 167.178
778.613 170.172
704.293 314.089
972.506 117.231
436.652 972.574
833.282 870.245
26.5841 923.755
779.67 158.114
447.142 288.652
138.838 524.178
614.7 212.72
620.847 306.113
82.2 543.131
711.38 421.748
680.117 177.194
697.954 870.115
183.412 360.672
568.759 301.762
950.228 155.875
23.9099 425.354
907.102 661.484
382.633 678.978
74.0946 275.717
973.303 318.34
808.165 677.354
762.778 943.906
697.795 641.313
759.335 656.41
505.378 670.53
248.833 568.09
218.195 617.423
115.696 88.0666
946.74 511.062
866.602 339.859
746.84 604.213
600.513 410.838
388.413 891.289
79.5506 842.033
19.1615 567.592
503.808 184.356
282.967 479.398
779.747 69.0232
938.934 79.4699
17.9567 63.944
747.509 772.65
373.957 168.449
683.57 77.9347
568.756 572.324
465.272 86.3971
491.998 88.5026
626.593 727.955
135.1 891.047
802.335 128.911
790.238 518.192
611.311 243.038
814.256 80.179
285.856 943.487
24.1402 642.362
818.44 939.25
489.231 62.0457
741.911 998.46
134.709 711.005
230.409 538.21
635.532 664.987
779.517 298.832
360.732 222.031
925.478 537.062
336.248 143.14
225.577 489.66
176.676 274.787
992.779 60.9161
8.30845 621.085
654.713 205.102
856.379 45.6094
75.1914 277.687
749.737 792.212
981.841 86.0968
435.041 415.477
67.7801 412.747
168.747 102.779
372.917 479.133
743.173 95.5345
200.435 565.009
920.139 858.015
227.863 385.061
760.728 969.913
842.215 241.257
598.977 691.114
445.401 411.263
386.814 617.194
951.368 875.285
397.6 759.745
612.975 378.637
835.862 120.582
592.041 796.219
26.5795 926.208
226.064 670.935
328.715 154.789
877.922 195.122
523.385 879.681
749.011 78.6735
900.029 119.733
605.815 772.992
395.128 987.927
522.647 876.5
599.895 384.041
839.281 88.8274
580.24 420.262
523.973 79.6148
152.803 533.952
674.662 86.4284
9.9112 490.013
536.177 961.205
32.6151 414.012
820.219 323.596
132.373 709.706
674.943 288.461
475.769 931.606
50.0615 926.03
308.787 181.223
878.212 449.715
145.815 193.279
568.326 813.922
153.011 654.075
724.27 328.297
897.666 225.789
747.657 870.194
422.373 933.984
818.699 907.865
26.6783 789.189
889.567 197.224
942.165 621.27
391.221 456.144
983.425 501.583
350.77 172.661
654.765 363.386
983.942 944.61
173.012 715.41
801.827 168.825
39.5298 637.894
682.373 38.0821
362.423 452.635
645.73 128.692
636.236 8.9428
664.47 586.375
132.332 564.88
407.774 392.126
886.376 130.207
735.482 352.005
451.513 36.9289
81.7268 596.739
680.679 112.922
985.148 149.823
814.552 789.998
693.26 913.151
767.529 13.0904
888.768 980.618
234.02 28.9439
472.819 173.467
692.544 989.845
778.658 696.321
288.903 338.962
315.97 25.2866
483.99 149.985
234.802 27.837
74.2632 252.861
434.171 362.2
648.955 484.969
314.605 633.369
959.601 995.102
932.487 123.448
977.5 949.039
381.568 316.881
555.177 524.528
759.572 703.693
887.378 209.562
494.315 903.195
889.855 726.314
406.231 362.356
646.64 8.72176
59.1696 797.456
932.959 280.642
340.646 178.128
849.912 577.038
826.287 881.86
384.086 189.468
551.787 114.256
79.6738 667.009
671.066 835.579
530.597 405.874
466.688 525.806
856.9 158.027
58.1362 865.578
905.732 388.18
626.554 588.624
731.296 175.927
895.12 238.971
874.257 658.697
352.093 241.124
304.077 319.413
896.978 457.663
610.186 742.855
912.118 29.2075
525.811 185.684
720.639 594.351
143.779 610.499
362.222 762.287
743.12 862.773
322.029 110.326
995.78 659.552
371.983 434.748
935.883 667.144
337.798 423.197
579.438 242.344
141.851 728.683
630.31 91.9273
766.157 859.881
781.195 938.937
937.181 21.7974
777.404 342.668
679.913 671.494
378.005 202.322
62.6942 487.118
796.694 112.911
968.129 769.486
302.081 971.673
15.2502 845.904
488.291 130.414
41.3332 739.203
93.424 877.14
218.951 102.079
143.418 588.424
401.667 801.676
332.973 436.795
780.266 802.538
566.177 265.301
618.844 658.409
33.5919 696.351
540.357 246.388
510.783 898.214
709.292 531.362
46.5315 401.013
81.18 534.417
830.762 288.305
148.13 377.318
168.832 922.295
756.227 883.759
928.011 33.0227
313.009 784.493
196.592 565.424
314.816 58.4103
240.799 411.398
577.625 862.668
531.881 537.86
734.884 992.94
72.3445 236.329
829.354 925.269
384.424 475.561
51.3645 126.902
10.4968 663.793
190.184 94.3472
227.36 172.983
733.234 501.374
917.31 388.473
71.7927 481.251
828.92 174.034
613.535 395.15
990.307 265.653
271.588 537.366
866.088 481.949
346.267 158.563
529.665 984.356
325.55 693.576
353.865 418.713
82.5953 30.2253
334.98 899.277
962.903 23.0392
887.178 183.682
172.351 529.357
558.936 938.684
647.268 200.305
760.198 526.664
847.626 257.118
988.87 291.683
760.122 675.721
23.5105 790.531
5.01126 829.004
387.559 244.722
646.833 150.221
904.394 481.193
367.897 535.801
24.8599 870.014
755.591 402.293
189.946 475.23
283.661 11.8904
402.029 537.897
926.929 893.309
933.965 3.07449
197.241 52.1132
461.86 910.757
386.556 926.771
612.415 972.279
770.907 124.784
938.138 938.902
597.429 711.547
369.807 7.99189
182.192 249.88
765.404 154.34
291.183 111.88
774.43 731.606
771.115 893.512
433.528 471.124
23.5788 764.101
580.605 557.19
926.669 135.417
72.387 496.088
195.242 616.899
110.974 282.355
275.899 918.963
623.438 334.307
477.515 546.141
627.068 496.213
184.624 225.4
726.233 329.025
116.693 570.662
617.285 874.467
580.121 126.217
631.083 779.787
817.413 641.721
481.619 456.219
780.591 397.055
966.513 193.978
611.474 572.104
940.73 948.078
299.676 957.989
729.667 12.7065
820.682 488.197
6.6237 391.021
733.117 855.28
530.315 650.74
990.544 204.645
984.854 518.622
969.659 186.952
944.973 104.066
32.7242 580.159
380.729 153.509
850.994 722.9
8.58379 572.751
349.868 315.391
453.681 641.852
301.248 774.82
706.755 970.018
195.306 954.32
160.446 939.342
464.917 656.575
9.83034 790.559
316.719 818.907
211.125 808.183
725.459 706.294
282.901 366.429
720.924 521.519
969.769 910.423
984.015 324.589
905.79 538.07
989.547 379.303
181.66 781.625
587.649 904.372
414.255 968.558
36.4725 796.94
421.835 477.691
933.872 549.002
309.239 46.8803
323.702 338.448
895.101 483.526
265.402 539.877
233.235 687.751
193.534 134.767
366.131 175.696
483.765 273.476
494.797 924.813
955.131 146.601
102.208 268.122
116.541 25.8873
265.577 60.662
29.7784 146.656
59.6803 790.337
863.438 720.596
844.718 966.1
629.828 798.473
790.716 838.899
731.235 728.701
812.063 253.72
774.275 241.957
163.605 950.982
380.52 358.341
464.164 854.465
174.28 196.515
288.388 891.92
510.558 285.467
741.192 721.13
144.803 644.14
769.429 461.454
914.209 937.305
972.691 261.916
324.734 597.495
61.7672 161.929
31.3606 947.352
447.517 259.263
227.4 223.82
929.759 757.41
95.5239 596.701
928.502 996.981
531.117 120.579
