1000
608.02 513.759
146.671 798.45
571.627 523.785
844.641 678.709
744.075 332.073
555.453 402.784
613.926 614.501
343.489 39.6633
423.845 171.394
365.644 730.373
418.166 86.6058
563.984 325.262
60.2413 531.86
549.515 110.132
59.347 127.237
858.511 917.977
846.325 549.302
973.193 664.346
283.333 159.347
62.886 597.956
282.231 949.394
198.631 430.824
672.739 759.196
168.483 683.365
3.81843 920.936
668.274 178.152
466.967 517.482
445.121 93.6437
882.35 652.046
16.0746 203.913
561.133 109.083
30.0402 245.494
547.401 886.352
936.609 487.048
753.337 548.907
380.426 172.459
301.39 967.038
250.356 890.453
708.479 839.556
91.5335 526.3
307.859 782.13
645.346 756.626
455.199 154.232
409.058 162.428
985.431 167.285
354.326 333.57
641.376 322.15
78.2141 37.6828
252.718 491.122
1.66435 658.614
955.516 100.87
116.442 165.406
220.39 960.956
243.011 254.563
851.649 549.228
901.996 557.61
998.29 759.697
745.522 375.04
641.665 766.313
863.361 102.468
291.166 930.975
830.669 975.4
765.209 189.622
375.437 32.3388
596.947 193.147
776.984 549.478
883.565 708.398
499.773 994.661
689.707 748.435
282.828 171.227
399.308 910.853
548.365 902.494
235.834 263.153
452.883 335.606
819.205 667.104
746.284 541.796
406.75 758.699
661.177 702.28
301.463 276.393
902.304 954.292
409.958 974.24
602.006 796.038
73.0384 109.927
390.933 383.381
699.03 559.109
387.383 11.1431
268.586 565.69
808.31 161.62
648.154 191.671
378.955 72.8548
216.246 493.255
892.149 353.126
982.168 439.15
143.244 576.638
82.5976 499.835
374.622 172.927
245.427 164.685
250.746 791.156
515.29 549.814
412.21 351.869
568.632 915.687
806.355 400.523
130.099 43.4072
207.209 969.22
306.062 830.683
332.869 984.922
681.656 82.3947
163.937 204.153
871.827 197.465
247.026 90.7455
867.991 517.07
986.729 596.703
686.431 822.799
396.655 627.998
477.759 420.051
294.793 813.622
429.241 474.32
658.065 464.033
667.623 562.306
279.692 652.465
59.1972 5.18158
253.661 214.659
473.19 738.162
250.655 923.061
473.922 683.91
835.066 506.39
148.704 973.102
770.618 396.488
636.321 454.478
272.135 742.002
787.707 180.408
841.116 77.255
945.963 944.811
828.705 377.179
861.429 228.601
869.014 954.651
417.458 750.104
362.057 403.707
823.579 203.926
416.839 965.837
415.1 724.963
987.43 603.36
130.178 4.20215
236.833 677.832
145.993 680.744
73.7121 598.78
732.599 202.964
740.477 958.215
839.16 215.447
270.701 218.624
622.814 835.845
725.235 457.732
102.257 412.836
242.478 435.772
544.64 631.842
48.2647 78.9411
338.452 470.33
278.563 853.798
870.376 703.332
530.931 181.981
235.327 725.291
822.3 237.746
38.6598 867.889
355.253 487.712
310.328 165.043
906.707 150.371
829.331 591.714
582.117 211.342
307.525 155.059
34.971 368.609
770.594 65.2273
967.253 302.871
154.431 697.825
688.987 565.461
161.797 458.841
805.494 12.4615
575.652 563.489
510.826 728.453
585.182 474.775
345.189 725.622
757.572 32.957
162.533 409.143
171.729 34.6696
820.092 947.031
835.034 332.639
59.0458 441.389
208.885 644.286
367.02 688.851
813.234 123.723
732.887 540.555
706.819 549.682
705.298 720.948
184.357 382.2
700.235 304.14
179.238 490.26
527.689 234.011
674.611 338.934
820.933 596.737
138.688 51.8739
22.2511 856.061
99.1747 275.584
797.382 782.175
626.824 17.2278
320.619 311.988
737.055 814.288
316.178 129.753
883.811 104.098
878.211 616.127
803.795 376.962
63.0678 647.873
331.282 591.894
158.855 250.697
71.9813 714.764
237.858 185.877
344.397 192.756
980.141 317.012
928.902 662.178
651.24 786.237
257.187 181.159
483.723 24.2924
885.485 967.667
191.843 869.281
817.946 225.77
183.057 543.713
279.475 893.645
693.228 351.769
244.023 43.1582
351.096 570.678
320.744 289.279
933.927 662.45
307.525 795.015
59.1831 322.907
515.876 195.004
612.364 543.225
643.222 981.289
171.681 191.306
397.386 928.788
801.325 195.916
570.929 824.259
109.146 84.2391
659.696 744.114
175.787 506.807
454.629 268.008
174.194 958.915
596.62 515.791
345.89 743.142
99.5498 962.922
794.239 104.408
139.837 380.101
121.003 96.8658
579.576 713.28
995.334 587.647
375.871 64.6321
982.881 238.461
641.672 134.113
351.099 655.652
171.586 879.341
96.0075 483.427
120.45 123.07
421.591 134.091
569.928 257.837
154.378 187.079
97.1637 600.612
917.023 343.297
245.458 931.294
586.755 800.032
516.441 811.845
383.457 658.865
559.622 194.45
263.983 701.768
51.1765 117.474
793.975 47.252
223.189 280.112
299.237 508.137
146.664 110.282
687.589 822.39
163.039 226.136
82.3489 699.001
234.12 127.16
368.625 857.696
689.656 201.087
13.1423 763.624
184.213 235.599
54.297 876.697
885.486 936.927
175.58 321.922
985.789 162.713
938.363 643.997
442.821 777.723
340.833 131.522
725.349 366.313
866.038 773.19
655.235 420.443
473.192 623.929
263.746 769.784
566.128 87.9195
141.636 302.735
752.224 719.641
691.11 64.5333
581.827 996.059
466.351 24.7698
213.207 414.182
185.374 835.104
467.173 817.46
325.834 394.445
510.776 910.829
942.107 150.726
490.272 503.177
903.613 275.718
902.252 47.1862
306.14 535.012
960.46 366.519
583.682 659.514
371.91 516.957
44.3746 538.491
580.275 100.432
816.211 641.703
167.929 634.231
670.025 743.836
931.529 739.727
362.883 61.1399
264.646 175.809
480.752 564.113
813.381 699.477
70.5907 2.03477
972.477 0.00626567
314.811 596.175
227.608 803.63
202.319 266.703
586.794 645.802
213.618 429.148
353.631 953.473
220.639 133.557
682.496 136.822
259.499 719.747
196.651 997.153
61.241 156.116
351.874 619.122
146.443 358.63
862.992 520.889
860.072 953.591
950.273 907.256
367.556 901.834
327.499 16.7438
930.085 583.021
916.494 872.381
136.231 854.533
627.707 143.851
610.937 866.559
367.164 527.873
296.111 549.947
187.135 577.584
548.482 771.319
763.549 25.9106
784.384 485.026
858.116 29.2358
332.442 730.151
812.004 239.789
194.652 101.678
204.093 232.136
981.169 66.0737
364.629 527.42
451.776 276.647
932.875 496.214
270.346 445.769
866.342 150.233
918.602 936.504
172.206 35.0082
543.716 284.482
31.66 1.97179
151.077 614.815
382.257 610.731
729.952 452.888
107.314 142.256
131.947 968.442
892.666 128.038
38.8291 606.931
167.27 232.868
484.787 68.3144
141.342 683.257
230.527 907.386
219.152 248.754
225.699 652.955
7.90594 91.3529
691.23 861.796
947.171 257.662
199.09 281.286
610.52 901.877
19.626 827.823
642.054 890.322
94.2017 865.903
518.629 861.275
5.48941 485.735
553.569 166.352
690.166 975.457
271.148 689.595
234.315 420.896
102.24 421.502
461.433 430.754
757.867 632.557
566.197 422.6
603.059 432.824
231.401 475.158
978.818 514.811
669.812 425.526
782.289 196.96
145.493 194.742
487.891 730.906
28.1228 764.767
109.731 656.879
444.013 778.219
593.987 154.141
602.232 834.945
487.855 199.563
409.071 700.175
174.854 900.591
558.907 923.89
532.563 486.288
158.27 593.498
406.977 718.541
58.6726 11.0114
240.794 977.116
820.726 361.6
333.783 314.604
369.621 645.655
46.6009 153.205
567.751 607.855
633.235 416.742
245.704 696.26
645.86 831.407
334.894 729.512
591.994 965.072
553.802 26.8041
497.498 290.2
7.33731 302.191
428.637 753.316
452.756 5.64456
672.995 439.123
407.436 551.991
294.97 495.659
333.977 863.532
110.149 866.305
870.389 14.4928
909.62 93.4018
849.359 757.851
346.509 995.458
549.373 231.068
198.75 89.3411
494.74 929.74
755.422 362.681
443.085 680.556
720.93 552.801
784.688 699.591
790.095 858.579
504.731 461.46
16.9739 511.728
936.867 433.937
494.322 778.927
945.025 80.3609
509.098 707.826
367.183 79.0307
174.004 372.159
955.034 95.9763
610.995 389.076
454.107 197.273
762.322 367.05
692.031 97.5465
176.885 220.423
246.148 811.201
264.742 567.826
52.9167 446.475
630.692 913.758
353.456 975.788
961.115 847.888
867.784 858.274
353.425 6.61062
744.073 626.861
485.276 257.012
491.754 142.902
967.996 295.524
718.894 571.734
731.582 775.146
813.283 410.83
587.103 524.389
271.432 736.285
425.502 741.339
113.458 844.531
287.67 684.561
661.595 249.164
482.199 19.0167
404.797 125.038
333.424 482.227
400.283 50.0983
428.414 609.319
99.3327 426.834
568.99 476.02
380.451 81.4141
193.755 636.101
591.948 59.6544
815.259 885.69
142.941 795.447
310.631 215.57
970.521 608.748
760.733 885.974
416.761 221.052
439.634 103.751
774.786 781.586
816.04 47.0612
75.7743 561.559
578.984 267.695
915.817 640.155
509.753 762.175
779.604 956.157
554.308 954.016
411.858 910.738
733.423 454.895
621.247 791.614
684.372 550.068
597.392 749.331
209.06 824.905
305.808 900.852
465.29 326.696
820.126 140.787
871.225 277.015
234.234 788.704
920.33 569.214
814.702 978.456
910.694 864.248
830.622 629.886
780.092 565.806
629.726 525.929
411.825 63.2955
358.241 666.895
626.58 509.509
431.935 949.752
713.588 48.2018
788.174 134.334
211.42 452.174
803.589 456.332
992.865 163.418
341.669 389.043
813.33 208.449
283.645 435.774
512.893 363.617
837.318 339.278
384.958 535.161
110.62 83.5465
557.788 267.917
900.944 899.88
811.853 239.468
431.661 831.387
218.798 740.154
867.864 588.182
447.492 682.191
569.453 179.788
465.13 439
335.346 425.763
134.455 915.491
952.85 146.03
922.971 383.717
553.519 730.003
192.608 866.185
225.192 865.555
546.93 918.075
796.292 280.889
219.872 292.202
34.999 932.158
598.839 533.905
558.232 462.99
447.189 773.404
294.03 567.101
535.025 59.0107
552.079 838.745
883.4 268.333
601.171 828.432
506.748 882.72
770.617 277.907
352.666 176.293
995.23 698.386
134.081 602.341
216.716 386.767
139.968 989.527
860.828 819.157
325.281 908.209
175.458 5.65812
669.705 37.7142
991.102 698.223
861.968 303.332
466.669 84.6605
497.669 978.05
401.748 673.037
73.777 943.989
778.675 153.777
237.807 534.952
500.956 66.4659
448.233 44.4766
612.816 177.788
668.077 523.019
705.868 537.696
905.01 883.197
915.872 343.673
994.419 546.813
299.554 760.099
212.16 851.921
949.778 939.316
650.934 155.022
725.026 450.696
472.938 267.938
949.451 832.153
588.188 586.391
684.852 107.076
859.661 749.134
275.877 737.805
22.6766 350.368
325.953 487.276
574.331 368.784
409.754 814.282
659.755 256.468
476.308 69.665
358.674 849.083
595.741 408.52
62.2184 872.976
798.644 143.298
606.11 178.1
56.0196 97.1363
709.199 890.506
755.784 85.252
378.838 947.85
428.152 417.558
451.01 46.7227
769.987 110.995
521.226 785.078
574.007 641.59
612.752 3.91206
860.036 908.95
728.923 474.453
100.882 14.469
85.9129 229.924
185.13 51.6147
341.732 357.565
980.367 169.709
224.284 469.439
761.727 320.691
541.058 765.198
990.208 391.523
568.199 248.439
632.843 254.077
173.494 477.774
705.099 821.438
142.653 580.371
954.534 399.252
349.305 301.044
603.974 995.526
675.007 783.852
246.729 750.192
141.254 957.315
947.706 515.115
44.3993 610.991
714.071 812.413
369.876 485.273
856.972 267.889
730.678 172.002
709.069 989.939
271.071 991.622
895.055 262.741
367.192 103.718
730.861 837.568
710.977 962.926
939.118 606.785
103.254 273.92
298.57 573.295
412.172 126.258
434.212 153.99
168.553 287.302
100.512 525.031
47.0327 194.513
173.485 703.405
747.022 773.571
358.184 373.752
110.343 102.653
211.221 380.757
240.539 289.607
70.2451 513.12
934.867 547.478
856.975 905.185
823.419 299.507
372.23 606.855
748.637 221.356
716.833 831.034
86.0302 7.18171
603.941 900.553
461.016 18.9675
935.537 498.104
69.7546 790.831
893.969 292.88
345.987 674.899
165.453 549.707
351.501 773.447
629.866 160.616
991.817 279.149
516.422 960.691
854.029 815.288
59.9838 352.156
537.966 448.649
310.049 579.728
303.747 395.466
708.618 416.777
622.166 844.506
397.462 573.229
417.817 953.387
205.415 793.528
488.013 263.467
540.02 991.243
512.547 746.899
811.173 244.357
200.57 381.637
979.397 931.441
552.303 482.806
151.073 654.077
991.59 880.278
782.394 525.457
208.892 97.5062
160.41 246.382
939.44 947.495
33.0282 702.375
435.416 726.908
953.985 87.5512
982.149 801.219
908.002 379.801
555.297 995.481
410.441 221.584
53.0516 995.981
874.764 225.579
149.01 801.883
947.178 485.936
375.099 401.285
488.059 394.403
179.254 598.041
772.304 804.813
367.594 392.64
942.099 141.616
926.625 625.419
764.297 87.0202
124.938 619.011
333.646 564.537
236.101 220.219
667.558 799.586
208.468 758.303
238.571 55.5241
781.999 494.976
906.617 432.665
997.924 907.555
799.383 467.134
293.181 35.0208
746.216 748.209
490.762 703.311
435.566 512.078
87.7835 312.672
824.957 612.789
673.403 206.065
110.153 365.429
703.097 79.0915
83.5137 365.035
88.0791 929.57
71.7595 298.357
690.96 978.219
229.875 693.267
578.737 425.465
345.898 612.439
209.813 393.421
102.408 721.309
451.841 735.437
25.9729 872.046
391.218 917.344
571.228 539.494
723.339 535.012
457.543 557.066
713.575 267.351
713.267 249.158
687.145 808.733
984.673 95.792
55.0051 651.654
140.634 956.831
461.514 434.999
380.416 335.415
572.242 854.386
543.398 385.636
370.312 54.4383
320.095 876.861
52.6487 51.8127
787.759 393.658
399.721 447.321
285.68 310.842
30.5042 842.897
298.354 84.5912
106.438 989.081
808.957 591.209
544.071 860.552
912.12 670.724
86.7977 824.23
180.082 481.407
84.2173 870.323
737.802 847.524
57.017 857.143
809.852 735.925
133.184 556.774
248.035 584.218
124.036 756.453
754.274 975.761
71.7763 785.693
231.164 679.34
762.218 449.628
708.872 214.584
32.9645 349.297
736.157 782.165
520.622 202.453
113.809 560.079
307.937 872.735
655.088 206.167
819.551 278.534
394.14 769.475
109.507 647.486
822.263 479.531
467.219 967.335
1.55961 57.7062
698.642 569.258
433.406 113.544
934.654 357.258
837.924 18.8861
160.849 11.6003
682.11 144.965
313.938 723.612
64.8518 977.013
573.65 668.174
966.832 204.684
469.915 860.198
425.653 885.12
514.77 44.9716
243.862 786.563
983.881 159.926
335.594 223.809
514.985 520.599
174.703 762.672
819.193 618.845
714.535 880.939
525.321 727.65
78.3787 960.594
879.009 492.28
512.531 708.308
939.113 361.994
852.494 823.934
691.885 585.407
691.793 566.063
15.4994 476.185
159.145 181.561
254.83 411.338
944.509 494.654
816.921 577.052
106.304 542.212
57.0976 255.74
952.811 814.627
738.135 490.826
600.488 561.07
395.336 204.333
776.138 871.278
524.964 640.654
385.437 736.347
865.346 548.69
166.17 580.732
725.796 619.84
715.108 200.458
263.619 776.135
607.659 309.982
676.582 80.5822
878.379 701.563
933.398 978.598
45.7679 85.5888
956.063 444.745
208.136 282.973
889.854 219.529
405.418 617.798
737.261 75.4502
42.3678 575.293
543.5 344.74
924.544 933.427
715.42 925.71
38.3465 60.6574
974.732 367.76
636.671 623.359
227.024 974.157
217.737 191.401
774.702 140.332
242.405 230.775
234.835 628.815
520.68 420.179
797.661 668.92
589.593 863.881
314.406 390.619
158.515 491.634
489.481 959.656
713.029 125.183
77.6404 301.513
914.238 541.516
633.888 284.18
426.879 648.992
889.153 221.52
383.241 772.449
690.197 212.617
728.34 714.456
630.51 641.683
446.995 336.416
407.172 387.117
992.897 866.047
26.8344 876.618
323.485 769.979
460.236 923.425
331.978 951.619
834.826 312.445
398.257 435.318
498.195 467.57
233.887 878.424
187.558 376.475
693.273 229.6
524.506 791.754
984.431 277.915
728.365 161.51
823.261 630.816
186.656 733.862
494.649 225.189
955.485 539.695
78.0138 509.446
883.265 197.738
758.197 854.574
71.0846 86.4218
152.67 312.602
823.494 216.644
323.852 7.25077
221.906 842.968
829.72 766.262
290.677 620.829
780.053 96.8048
468.167 598.285
626.062 780.995
41.3246 617.087
766.065 602.515
112.627 250.459
42.2149 292.066
487.036 411.221
593.189 844.82
218.562 272.493
44.1685 965.036
596.045 814.583
491.92 851.937
360.214 921.683
973.169 582.336
303.003 69.0816
231.307 219.512
160.179 910.792
744.448 391.544
649.526 275.691
113.973 426.097
168.178 4.39822
753.91 985.08
67.372 100.699
937.427 17.5699
115.488 706.969
885.198 417.06
416.393 945.044
180.017 29.052
936.027 418.039
411.628 104.518
760.67 182.855
214.981 936.939
58.2809 645.986
772.629 860.45
699.156 659.123
679.579 948.427
705.402 75.4717
169.041 993.233
379.813 849.853
84.3145 867.909
132.979 653.936
647.703 99.9214
749.464 690.285
905.226 407.929
616.158 895.451
933.463 437.387
138.866 461.421
76.9351 916.32
913.022 672.234
694.59 818.037
690.755 139.856
907.12 58.3194
723.975 822.479
79.5681 538.658
526.96 418.488
40.4727 124.476
71.6664 875.232
304.299 834.317
124.421 830.736
