1000
760.437 221.612
593.865 344.169
660.227 126.456
421.158 424.379
56.9564 773.242
89.2869 565.083
971.684 463.286
867.367 83.37
653.68 371.72
509.697 318.564
396.828 667.451
911.465 814.515
602.086 334.241
184.304 321.918
626.484 242.507
88.3322 269.123
967.88 606.107
567.474 453.622
57.0476 94.3025
267.045 760.786
529.378 777.562
592.79 499.132
69.7752 712.816
989.304 209.25
532.414 239.71
951.59 16.4947
991.052 897.896
62.0313 651.392
197.979 236.217
352.124 20.5232
873.324 475.281
859.806 707.598
467.372 484.443
238.63 778.888
900.044 292.069
784.584 893.249
235.64 974.052
157.669 910.783
244.805 1.02171
321.355 382.304
95.2198 185.063
978.857 136.702
659.65 961.498
189.145 154.92
173.261 87.0108
593.986 480.451
316.707 578.656
54.9204 669.66
425.935 865.487
749.951 817.741
192.842 873.171
572.471 565.183
737.233 946.996
224.064 736.151
690.311 47.5003
509.665 861.252
73.81 744.254
719.42 764.538
298.891 727.875
879.088 972.443
291.128 994.498
449.553 486.507
67.6177 754.872
709.481 64.5855
965.349 420.145
715.514 539.966
124.499 639.996
13.4808 692.173
326.319 629.126
557.084 577.647
354.983 455.961
859.732 831.41
490.358 651.71
104.793 164.611
681.385 675.883
169.308 279.397
68.9345 498.205
695.592 119.551
306.998 687.918
939.181 388.602
524.123 624.756
302.743 61.9379
680.991 651.183
872.053 809.845
416.894 186.796
313.733 688.75
7.74061 339.282
676.243 869.333
927.877 958.78
285.099 327.747
621.18 730.905
953.198 733.074
842.894 287.48
591.098 815.068
586.401 463.339
679.952 111.969
999.962 995.114
14.7158 164.792
814.583 947.886
648.054 843.136
884.369 971.083
247.66 621.683
173.733 364.713
575.795 386.154
232.105 224.902
565.722 954.913
488.379 147.99
695.775 830.862
35.0692 767.762
399.477 513.156
808.624 655.125
62.3604 400.932
246.676 485.623
336.542 599.073
505.842 258.997
436.561 416.198
766.644 816.497
457.508 395.484
401.922 940.716
511.569 544.692
18.3985 458.67
586.314 803.8
9.7142 967.477
515.167 163.007
671.873 168.154
762.849 363.354
524.983 47.4918
200.045 586.18
177.548 109.187
940.899 760.53
952.494 902.625
45.3164 682.12
351.842 250.018
889.048 880.44
571.682 36.665
256.549 355.96
359.544 436.812
130.017 173.48
174.68 532.408
448.986 59.2362
459.242 390.419
12.2133 556.029
449.07 692.129
752.962 884.727
888.306 417.731
512.768 474.819
847.724 950.2
122.612 551.611
994.52 208.501
477.145 744.41
330.148 620.492
508.378 328.066
370.141 349.784
709.278 161.954
850.096 249.82
541.489 120.52
703.912 411.84
316.189 850.142
664.31 336.995
478.412 419.8
74.403 933.865
23.6364 713.063
255.918 520.072
337.557 628.398
100.957 619.6
921.149 804.087
822.065 240.061
52.8374 232.574
242.316 346.943
887.102 775.05
71.4711 957.978
964.646 946.092
708.788 497.419
0.212477 906.947
927.345 508.89
860.525 106.089
15.8273 956.182
430.917 942.885
511.4 613.084
798.616 207.696
337.226 858.854
105.726 957.53
323.275 630.424
747.404 297.045
487.301 852.647
900.405 914.217
704.786 596.696
736.985 517.069
957.581 484.648
859.756 256.166
603.338 115.568
604.863 39.2777
449.913 674.419
402.843 871.012
957.836 92.5977
966.183 995.693
894.633 503.94
772.044 170.87
824.536 731.186
326.355 483.99
130.639 945.291
201.976 991.998
96.8336 496.109
785.748 601.459
287.405 100.535
141.023 291.848
509.879 432.668
581.801 145.224
563.232 981.613
224.446 448.83
183.912 563.401
62.874 792.227
852.658 412.254
980.363 220.98
298.467 543.854
918.765 502.525
380.913 145.305
910.799 739.493
615.977 188.775
643.793 496.527
875.948 900.451
112.231 595.392
223.859 946.606
995.347 974.146
930.368 573.964
908.251 379.635
48.4727 470.614
156.57 298.817
692.035 778.086
377.473 28.2022
874.876 363.119
513.341 796.839
204.338 425.268
478.574 475.389
97.3604 816.716
341.591 196.581
79.7623 124.681
572.082 409.94
863.396 308.154
135.63 980.114
482.734 962.743
283.791 544.052
631.04 263.847
191.147 637.152
645.431 492.443
382.787 638.969
317.711 920.26
220.807 743.155
312.627 855.231
365.524 933.971
477.786 867.233
316.045 416.621
741.731 49.2536
242.865 646.428
304.33 156.036
462.3 817.716
917.617 969.93
894.622 907.786
451.72 797.581
438.857 821.059
970.249 210.391
560.941 969.224
378.168 946.111
454.344 857.707
478.861 809.986
818.654 653.553
352.233 365.012
900.088 593.638
550.045 194.771
786.423 136.056
355.234 26.9755
974.719 200.345
37.9572 656.163
412.157 667.575
262.111 201.589
42.7798 313.054
766.728 295.067
214.676 211.081
515.589 546.967
66.4113 809.773
654.911 799.901
151.571 986.983
264.056 825.853
665.231 641.272
700.324 216.705
551.65 792.849
11.187 947.56
235.115 616.27
640.655 844.754
825.592 185.25
237.063 649.524
695.184 394.132
862.2 470.296
527.02 44.4222
388.015 112.353
599.252 351.145
768.936 822.164
217.224 960.577
508.526 801.883
327.442 476.93
0.0039032 241.51
864.056 681.278
922.922 534.859
267.447 530.547
476.721 818.003
338.477 533.895
849.135 215.648
802.661 243.943
506.167 80.7532
587.518 895.018
634.077 989.104
381.965 719.049
499.859 325.757
825.386 436.814
829.861 544.042
710.758 52.6502
453.146 415.427
613.858 6.55021
263.627 238.498
449.351 531.616
624.715 854.035
320.79 937.944
128.783 462.472
895.91 900.867
863.418 773.446
253.062 383.691
921.142 551.3
89.623 182.279
937.293 758.838
818.072 52.3063
371.736 495.949
20.4262 872.443
172.276 417.647
207.964 933.935
301.501 725.31
460.753 769.167
954.546 192.192
545.64 691.193
860.565 217.467
163.338 564.602
160.924 460.115
847.556 927.805
562.312 728.942
390.295 654.177
637.079 710.461
840.963 621.835
226.498 632.319
492.164 427.204
428.101 588.005
999.662 617.911
438.194 248.522
860.129 598.336
505.806 337.731
250.422 800.774
229.692 474.804
51.6213 886.881
520.237 969.42
617.77 810.505
26.5912 141.946
825.835 871.676
390.233 14.386
146.256 219.392
666.352 163.42
368.657 865.115
777.911 249.221
707.853 151.11
206.381 58.7614
162.821 700.703
270.253 505.203
65.7147 827.182
312.788 141.993
465.693 863.929
638.559 763.843
260.479 788.13
26.1391 844.842
555.34 836.296
42.9072 899.482
314.971 850.063
491.429 473.828
160.24 111.06
272.006 428.065
89.5157 954.365
202.6 820.13
606.87 797.042
189.107 77.1963
630.485 80.4752
923.912 894.111
387.436 862.916
143.129 819.672
751.974 77.6374
697.061 222.595
92.0011 330.618
236.59 317.428
565.643 45.5168
361.439 127.659
585.71 340.122
631.403 878.333
943.244 660.64
411.29 373.822
404.617 162.389
268.454 542.4
228.274 978.869
718.902 662.043
132.636 146.211
402.102 204.796
936.348 576.267
63.4808 433.592
757.335 61.5848
239.651 496.174
894.119 40.0953
750.227 86.9879
524.325 691.012
316.006 975.287
694.808 214.233
806.043 620.878
207.639 315.973
254.774 215.051
915.465 868.86
290.056 760.811
687.133 192.207
919.584 595.658
599.884 561.22
51.6458 193.549
976.294 483.139
869.75 404.237
929.556 237.121
35.8301 997.353
248.786 970.538
784.369 491.605
428.91 225.577
120.081 449.922
881.592 242.887
477.315 701.676
672.983 865.555
308.539 718.055
977.149 224.269
656.421 764.499
112.037 148.608
348.813 374.261
347.038 130.348
612.513 871.862
112.272 93.8276
521.909 965.093
44.7603 917.199
191.297 192.662
66.8696 440.943
151.831 86.4745
691.664 650.125
22.6548 108.875
259.283 464.925
71.5232 647.639
306.033 227.539
581.713 318.859
264.859 25.4959
843.815 489.326
805.875 949.592
59.9023 188.874
283.887 227.992
716.48 859.672
603.617 220.25
956.796 371.761
241.134 123.81
837.074 554.929
834.553 33.0363
280.352 510.935
192.494 821.439
192.963 540.83
442.775 399.829
146.1 575.994
805.6 570.333
209.756 728.798
428.842 492.036
528.347 418.87
178.96 599.007
955.02 862.24
56.275 874.206
577.001 554.271
569.05 528.688
458.02 376.849
494.284 903.851
939.859 986.081
848.1 929.953
259.476 915.356
131.506 702.873
94.0908 109.558
643.238 380.991
929.571 475.572
685.528 351.312
950.99 646.36
228.576 34.7628
817.582 687.768
173.388 174.442
138.021 584.714
992.393 747.257
958.173 406.357
580.398 100.962
174.397 757.476
511.387 639.382
174.288 802.624
910.055 57.7796
257.856 784.898
752.185 725.411
118.98 663.916
987.391 942.654
985.817 612.969
861.241 701.732
238.526 158.962
950.103 3.88889
545.721 771.636
83.8859 560.465
965.523 452.877
62.658 996.805
808.827 316.087
0.403598 489.769
242.341 431.739
627.404 305.974
557.999 26.7698
751.567 339.636
504.102 171.953
918.71 645.257
643.004 710.109
284.956 912.017
168.471 443.321
332.691 96.3838
569.297 984.068
362.479 308.469
675.365 493.506
120.744 256.628
313.972 656.681
230.764 83.3326
14.6505 472.408
682.533 798.468
485.402 853.315
684.763 790.364
978.649 678.34
87.293 871.156
257.448 309.018
137.779 583.207
821.212 101.426
187.552 341.626
349.995 657.648
206.397 688.777
572.958 989.848
916.412 992.945
257.168 39.4368
492.717 837.529
304.302 867.112
304.192 390.392
335.571 804.628
921.949 938.06
984.53 268.699
380.402 330.192
163.263 559.831
426.989 642.866
130.085 972.355
468.956 455.039
156.228 514.174
643.058 728.995
929.289 991.701
836.239 602.692
776.394 79.5083
76.1148 436.99
968.477 888.481
719.137 286.034
484.468 546.602
813.843 139.563
39.9421 766.933
524.384 909.518
768.245 426.251
833.545 84.0174
613.024 815.065
989.997 929.959
265.715 89.4943
645.103 424.383
616.219 939.677
74.54 710.739
846.829 188.894
499.102 782.567
838.262 682.607
621.008 756.134
282.145 501.931
255.959 876.767
847.215 801.196
149.074 648.383
130.701 0.092603
99.6299 999.835
768.058 753.055
148.188 217.415
892.103 299.247
368.671 514.722
164.426 323.088
566.374 940.519
983.054 750.964
814.878 971.145
880.118 709.415
605.427 354.768
517.773 398.417
73.8901 649.716
519.769 287.903
440.94 64.4334
179.482 166.811
36.093 506.407
391.782 44.1242
901.337 554.533
660.053 956.986
522.256 975.016
24.696 331.659
661.523 384.619
171.804 276.97
919.569 34.8318
562.302 960.515
750.393 201.811
618.494 469.731
617.248 365.503
697.418 287.006
563.516 15.513
182.395 622.281
233.454 998.526
3.17014 611.442
420.863 557.944
979.761 12.2559
957.337 11.2373
515.694 224.073
924.057 981.525
134.085 308.253
398.702 174.558
491.502 870.531
452.846 577.677
389.419 780.627
220.858 227.749
154.665 497.944
30.4106 841.791
546.741 409.157
948.83 885.568
622.997 621.14
577.416 765.21
360.277 535.449
542.706 365.136
470.553 497.26
95.3896 791.795
192.439 714.346
483.007 16.1394
874.272 674.703
2.72568 584.135
584.295 238.379
505.94 629.13
899.109 401.227
745.459 801.444
278.348 209.052
178.161 802.986
173.648 667.999
944.385 770.755
120.455 601.169
569.647 343.586
390.126 648.013
9.87534 203.701
137.617 446.913
587.581 53.3173
448.908 15.522
742.283 104.042
753.178 404.951
978.691 444.391
827.261 979.296
864.563 286.402
591.053 922.727
222.751 483.293
115.339 721.079
548.797 678.113
734.657 667.48
179.118 0.576161
325.407 973.628
781.376 598.722
934.067 799.494
935.006 930.413
129.913 633.113
868.792 353.181
317.744 316.377
652.952 585.711
668.626 895.054
538.932 75.9341
952.229 161.202
86.5665 591.358
133.88 601.913
532.727 693.045
159.575 0.217322
376.423 181.968
435.764 447.904
665.695 543.179
712.712 961.429
77.7678 4.88096
552.784 990.343
845.665 364.029
498.689 776.329
748.152 600.398
288.375 96.273
210.829 154.764
457.372 278.078
922.742 503.801
598.309 244.405
816.885 129.409
942.975 397.509
398.405 679.109
944.903 603.913
994.863 8.7214
519.331 381.152
394.957 335.245
97.8233 878.027
783.742 173.286
649.39 210.177
164.209 5.51057
13.5981 826.114
677.637 54.9535
619.603 187.009
280.971 519.002
190.213 881.408
964.712 8.80927
431.546 412.947
552.578 180.506
62.5125 863.934
477.669 777.969
780.848 741.45
786.112 954.685
885.913 257.814
516.161 398.23
816.765 954.885
415.282 118.2
452.44 647.605
415.427 552.214
1.75232 263.394
679.788 88.268
559.888 715.928
841.985 208.164
673.835 583.112
620.319 882.869
34.1439 971.657
714.729 617.43
436.982 600.952
323.431 714.778
279.696 415.064
522.155 348.496
816.692 719.721
372.522 595.966
749.232 157.702
349.143 521.147
161.195 510.231
51.3325 289.749
250.235 596.201
330.511 225.757
555.596 987.346
686.354 812.246
657.7 615.458
249.843 437.184
443.238 490.159
754.585 15.5989
237.783 23.1358
888.973 213.907
360.495 67.8892
583.02 510.635
90.1901 757.724
278.967 892.529
311.334 203.703
347.933 361.631
73.8969 628.739
7.03981 346.561
32.3533 891.227
362.443 360.683
941.208 841.765
547.918 122.017
126.264 278.452
66.2253 513.059
363.515 608.881
786.794 367.514
627.23 964.884
279.406 226.587
370.654 268.602
859.069 674.17
928.724 570.499
374.539 447.607
417.838 714.328
677.635 93.5622
289.049 728.299
49.1604 890.419
641.45 171.245
223.9 805.945
694.148 80.5647
719.3 735.114
602.871 763.068
245.902 777.473
197.099 390.493
363.695 30.6437
791.406 546.611
746.221 117.522
343.352 26.9816
85.0398 509.471
82.2645 491.201
477.074 556.056
923.594 561.317
282.767 342.152
887.423 682.672
982.889 855.433
161.57 48.5341
889.926 800.514
482.453 968.359
592.176 867.881
779.596 256.266
347.075 461.831
453.927 464.858
693.022 731.996
250.32 622.299
578.022 39.6038
717.526 887.481
723.763 278.857
514.714 844.177
604.917 635.651
832.466 957.587
93.9503 508.686
981.137 167.233
86.7626 51.1385
727.243 635.221
343.26 171.469
791.832 476.587
266.25 986.903
514.624 708.386
465.052 979.989
69.9013 608.542
550.538 849.924
618.272 714.511
264.292 281.218
882.421 445.474
618.908 859.091
531.306 360.814
381.442 218.508
456.334 971.598
664.637 420.426
753.112 392.773
733.652 174.915
519.961 717.183
987.771 650.697
41.0169 989.885
217.072 69.1219
697.578 117.521
140.591 846.966
678.854 597.066
419.462 867.211
965.229 210.167
76.5784 874.208
521.28 512.615
988.376 35.963
341.894 26.3826
994.441 656.568
51.0989 643.093
20.3991 956.352
223.194 183.017
842.313 626.76
569.657 949.822
840.294 427.738
330.001 880.62
645.933 795.516
235.877 993.175
798.299 29.1442
112.532 316.695
984.727 606.745
131.906 930.474
585.955 719.098
450.012 855.842
127.639 147.083
202.319 720.815
289.803 31.906
507.235 361.778
97.5295 766.767
971.132 175.971
228.145 907.461
622.886 559.717
157.281 710.29
271.537 583.37
469.487 879.557
599.404 755.82
525.604 174.633
108.151 252.383
255.016 383.464
371.359 26.4212
584.233 422.173
883.871 248.046
923.029 811.305
488.275 16.7714
135.12 273.006
262.277 326.781
408.447 512.286
830.684 568.033
729.097 693.888
194.194 81.7312
706.705 451.037
152.068 281.359
523.653 930.243
407.598 854.904
671.658 41.4215
767.909 670.309
324.594 697.406
516.518 268.929
313.894 77.6558
973.39 917.545
12.4946 783.434
896.326 113.733
989.652 178.637
507.897 714.45
483.478 494.562
58.6832 94.2323
757.052 696.374
330.594 725.845
624.148 986.096
182.53 62.636
383.828 710.341
172.013 459.561
255.17 27.5149
171.999 347.766
27.3866 259.642
883.28 670.644
871.811 24.349
299.869 628.365
170.399 652.306
204.043 552.684
598.126 804.931
998.979 650.259
836.662 577.424
769.122 399.651
982.008 102.423
848.666 28.7801
333.293 823.696
891.013 752.138
578.978 982.734
458.837 964.631
420.717 645.591
312.661 86.6564
989.619 677.302
308.644 768.854
468.785 630.943
836.792 478.852
678.799 535.511
950.591 135.406
988.428 347.71
581.044 561.864
369.888 1.86822
533.242 532.225
8.73537 703.376
719.71 654.658
992.21 170.757
446.854 920.606
297.886 399.428
744.672 760.121
822.098 577.851
10.6588 135.252
44.9362 536.194
526.73 802.906
140.478 959.823
569.881 719.759
761.495 57.4445
276.824 52.5274
62.5477 736.382
36.0179 831.8
42.3358 767.446
91.2283 754.125
755.694 548.101
490.345 964.642
615.451 605.761
367.742 978.89
379.801 637.475
527.825 135.98
382.944 716.602
763.44 100.653
632.697 394.477
460.775 610.733
980.862 957.38
139.645 529.376
222.435 70.2868
426.729 363.105
901.217 461.208
969.766 170.983
25.7935 548.779
67.1501 903.663
487.967 366.124
939.736 158.031
294.57 207.23
749.472 887.532
923.315 966.493
833.273 208.963
488.796 972.859
589.929 83.6513
857.977 855.59
27.0989 151.998
770.953 369.874
907.704 998.872
137.262 896.217
688.519 364.577
235.994 135.191
287.876 762.874
311.63 881.141
545.721 399.582
643.247 709.896
606.209 473.389
969.492 812.302
