100
414.293 274.588
239.911 709.82
652.059 317.54
387.725 681.346
845.576 147.533
148.152 955.409
564.899 408.767
961.095 488.515
629.269 199.757
803.073 651.254
203.25 476.432
142.021 901.673
885.648 410.313
365.339 162.199
455.307 135.109
931.674 452.3
908.922 215.248
505.956 860.86
462.245 817.561
824.697 632.739
954.415 702.207
514.435 289.316
876.566 414.028
715.642 729.748
19.0924 706.535
65.1939 524.987
682.049 488.943
890.019 916.634
989.362 139.195
514.659 446.023
806.65 439.726
153.604 211.519
0.878999 616.35
417.724 727.335
836.42 680.562
81.7376 828.708
213.547 629.572
947.545 388.823
284.035 269.215
282.156 783.865
983.236 11.3162
398.144 819.726
157.731 176.88
101.637 257.169
794.77 634.717
633.43 752.94
318.778 598.217
526.123 117.437
702.989 587.989
860.226 161.688
316.007 556.836
588.119 528.548
370.226 430.848
387.831 446.866
253.922 78.2632
728.608 676.237
940.163 944.753
661.355 460.434
150.394 605.64
522.808 343.818
642.979 14.9506
970.087 917.848
455.752 843.975
706.95 22.0837
751.71 436.638
753.863 695.679
79.9169 4.25392
746.679 903.301
518.478 6.34169
215.826 544.023
709.32 626.861
371.91 280.289
103.797 310.169
55.2788 775.88
297.022 160.274
519.988 477.804
833.682 150.312
331.175 577.776
1.65742 986.883
489.652 29.3555
536.267 738.959
188.276 122.507
125.933 614.126
838.102 954.028
424.336 259.014
760.617 897.914
665.503 451.851
546.975 209.562
431.908 175.974
836.207 687.414
80.3531 973.346
250.155 769.437
749.252 769.114
36.3676 681.666
652.622 221.667
233.691 371.466
159.758 165.928
949.157 661.994
17.9445 621.046
53.6944 721.872
