100
65.3563 519.175
329.056 977.18
171.379 743.274
254.957 939.725
160.083 123.849
368.562 105.185
576.776 327.228
699.791 758.246
362.084 935.242
240.44 455.072
289.766 421.579
527.439 216.386
711.564 863.643
459.763 382.822
3.22878 795.353
186.825 664.689
946.045 134.039
347.492 606.001
834.338 509.658
631.763 329.434
767.065 41.4204
220.516 519.303
706.461 88.9927
378.366 261.779
469.498 232.608
34.2431 977.238
591.588 31.6388
536.528 329.579
966.91 403.581
148.39 867.514
931.915 639.523
572.807 815.407
155.414 945.25
96.5383 343.613
856.876 22.405
698.46 674.525
345.872 191.984
221.656 140.71
26.3397 586.016
77.3243 762.344
430.446 925.503
601.638 831.256
161.419 519.337
531.427 574.36
548.736 667.049
571.583 667.965
502.275 441.313
522.063 31.6565
107.181 35.0595
611.111 551.829
486.681 772.03
486.85 696.996
276.647 710.45
530.49 280.104
597.476 235.403
821.177 920.252
899.521 230.27
935.936 651.515
952.431 858.766
702.471 122.95
99.8656 107.739
757.621 344.576
573.183 330.758
974.348 202.482
804.912 491.841
149.251 159.58
424.134 380.608
60.1425 651.295
901.218 897.657
31.4038 170.796
277.198 522.215
811.895 586.862
579.863 939.871
189.549 880.784
72.869 718.919
89.8531 879.06
674.693 416.796
769.36 813.047
486.471 896.524
687.578 377.485
477.641 76.8218
975.881 238.019
362.4 681.199
73.511 794.278
499.657 483.873
146.196 932.843
408.177 80.322
198.08 963.16
575.679 196.307
368.203 585.675
148.787 600.133
402.74 995.401
374.249 819.527
646.495 479.779
357.672 799.035
144.897 334.307
314.699 666.856
920.83 602.249
264.133 516.531
634.619 833.648
